Name: VELAX-1                  RA:      135.529 Dec:      -40.5550
Caveats: 
1. These data are preliminary. Contact colleen.wilson@nasa.gov before including in detailed analyses.
2. Sources in the galactic center region suffer from significant source confusion. Use with caution.
3. Periodicities near 50-55 days are most likely instrumental, due to the Fermi spacecraft orbital precession period.
4. Negative flux values are likely indicative of source interference or background problems.
All fluxes are in mcrab units
Columns: tstart, tstop (MJD), flux, fluxerr (12-25), flux, fluxerr (25-50), flux, fluxerr (50-100), flux, fluxerr (100-300), number of occultation steps
Long-term average: 55966.027383  57889.999437  268.134491  0.921521  205.550186  1.524528  23.138550  2.280292  -6.144810  3.508579  29988
55966.027383  55968.016861  276.978455  22.061926  254.340744  37.193157  78.008072  55.646786  -53.199184  88.894028  45
55968.041093  55970.006397  104.373268  20.576864  73.886482  34.924812  -41.146217  51.929260  182.720276  82.195160  49
55970.030944  55971.995989  434.271759  20.390200  410.573303  34.519436  86.265945  51.213356  11.676269  81.498207  52
55972.062310  55973.944194  736.294922  22.728271  617.523254  37.732800  72.584122  55.833916  20.697262  87.968605  43
55974.051954  55975.975314  348.378693  20.503426  270.126465  34.224663  -12.945965  50.754986  -129.764496  79.700401  50
55976.041637  55977.965023  201.990906  19.416632  172.252029  31.977869  -10.377509  47.207790  -80.421173  73.347107  58
55978.031348  55979.979705  1.616517  20.959166  64.511162  34.222317  -105.678825  50.709709  -9.241366  78.709511  57
55980.046029  55981.969361  431.660645  28.480646  334.828339  46.879471  52.652008  70.038765  123.663902  109.202347  26
55982.035683  55984.025279  396.287537  36.463745  455.261963  60.341591  85.889153  89.922035  379.535400  141.082565  20
55984.091598  55986.014806  126.695717  26.832577  64.924362  45.211563  -8.711241  67.977058  177.052170  105.554008  36
55986.056630  55988.004259  119.426239  24.278645  28.342932  40.206020  17.186581  59.715084  -118.569710  91.891304  45
55988.046437  55989.993639  334.030518  26.325584  264.510040  43.132835  159.377670  63.843575  -26.860773  96.850021  42
55990.036337  55992.026397  423.091827  31.418304  348.227264  51.030430  134.077026  74.094902  -17.773228  110.977493  31
55992.049263  55994.016720  207.308945  34.062031  138.780334  57.916035  21.831886  84.563301  68.086426  128.046204  25
55994.038526  55996.007458  86.616089  44.294079  73.995819  74.452194  56.563740  107.902725  -278.285156  159.961182  30
55996.405672  55998.017006  363.337738  43.932705  329.414703  76.098801  34.973587  111.006935  40.037704  163.980103  26
56006.633156  56007.973526  412.922424  35.797131  341.761292  61.294842  68.068268  93.584984  -125.706123  149.009964  14
56008.092351  56009.966246  298.837402  27.814802  249.429276  48.642979  108.596954  74.147789  -132.610794  119.160744  20
56010.081759  56012.004693  403.106079  45.746410  382.402069  76.063232  200.164337  110.242401  41.438786  169.461258  23
56012.071000  56013.993889  14.177589  23.770771  38.015148  40.003937  -13.182393  60.507149  110.768669  96.220428  43
56014.060196  56016.005605  214.724335  24.440447  165.865051  40.563744  16.618441  61.478184  -46.737053  97.380203  46
56016.049394  56016.934336  154.054855  40.332466  -45.430935  66.179047  -388.009979  100.163307  66.695343  161.580200  16
56020.051862  56020.980428  220.843506  37.688190  230.195679  64.741997  -182.477966  98.590866  -3.891896  159.924545  14
56022.041654  56022.970209  43.713009  34.619968  19.471786  58.979324  -75.786484  87.789284  -135.735229  136.564621  19
56035.015987  56035.944498  230.837479  35.514614  174.657501  60.795303  -113.439880  90.016457  183.013504  137.822540  23
56039.019848  56040.014555  24.621700  36.158928  -20.795160  62.684891  -44.025414  93.341972  -34.521297  143.390717  24
56040.056515  56041.979945  240.394501  26.658842  206.036133  45.587112  68.336845  67.503983  17.130928  102.752815  44
56043.041187  56043.993199  586.525208  36.049934  438.840454  60.582150  -30.443304  89.406990  -64.923973  135.656219  22
56046.247648  56047.971603  236.249725  26.019657  204.156784  43.677608  86.707489  65.540962  -63.250984  101.472916  42
56049.011925  56050.007430  -8.315804  39.247223  -73.646782  65.923882  16.352438  100.588661  -5.297019  157.522781  24
56050.073803  56052.016273  82.314270  32.589096  135.499634  55.482361  14.565620  85.502586  -50.245480  133.751923  29
56052.065434  56054.005633  379.474030  35.636623  292.076050  59.702484  42.851215  91.260452  228.908630  142.948532  22
56054.071950  56055.133125  205.055496  62.362244  197.657394  101.732346  107.638763  153.530823  251.906036  233.981903  12
56060.046916  56062.024970  244.622040  34.166767  105.758537  55.824123  -55.218395  84.556061  127.496765  133.379974  19
56062.040164  56064.014202  427.805420  25.322485  320.268250  45.405746  76.392090  69.133163  -75.483322  110.113632  23
56064.231509  56066.023595  374.844543  26.628765  354.267456  48.074860  17.182657  73.198624  -61.373432  116.562881  28
56066.089957  56068.014187  65.228699  22.615541  109.294304  40.480881  25.307760  61.289165  -95.755859  95.941170  48
56068.058700  56070.004348  335.984894  22.762583  267.505554  40.379734  2.095305  60.982113  -62.517235  95.189018  50
56070.047795  56071.994228  270.414642  22.325960  183.383469  39.223129  -13.717784  59.565029  61.127621  92.378120  49
56072.036927  56072.989098  350.484314  32.322559  294.346313  57.434452  109.332481  87.651672  80.238655  136.296631  25
56075.020724  56076.015354  53.332417  34.910767  -1.409265  57.474564  198.990479  84.385117  65.608398  132.279877  27
56076.039854  56078.004661  251.687439  22.738388  166.898575  39.092617  -56.867065  58.081444  133.195053  89.218201  51
56078.029395  56080.018905  258.507843  24.071697  162.372589  41.185673  20.829622  60.971115  3.355778  93.949280  47
56080.060338  56082.008397  537.736450  26.109732  347.392731  42.574596  -9.198249  61.684708  51.059006  95.085197  52
56082.049752  56083.997869  364.111511  22.932535  326.394348  38.094784  -58.401352  55.764748  -15.580097  85.942291  55
56084.039199  56085.987315  39.498001  22.783249  32.902473  38.463642  -54.448936  56.762768  -47.583649  88.622086  55
56086.028666  56087.976725  263.159119  22.927935  161.278290  38.221088  -25.851690  56.078861  -71.556877  88.033310  56
56088.043037  56090.007634  344.669098  34.047215  123.909058  56.118580  86.459915  82.125732  3.339740  129.447693  25
56090.032396  56092.021694  189.555618  27.021030  75.630562  47.002251  119.801094  71.352470  -98.921989  113.752007  34
56092.063458  56094.010926  88.513382  28.529999  60.805538  48.332500  -35.672302  72.031509  -130.982468  111.943886  32
56094.053007  56095.976313  298.097321  24.545036  278.731049  41.177082  45.678501  61.246143  0.533556  94.701996  46
56096.066397  56097.966073  877.571960  28.482841  567.047668  46.537167  111.335037  68.484909  -24.911558  104.881416  39
56098.098730  56100.022400  846.457947  47.268520  523.388123  77.807289  -83.143570  115.172348  187.265976  173.594925  12
56100.044559  56102.012763  122.225548  24.501348  75.321487  40.125576  66.620041  60.347282  31.654570  92.806335  45
56102.033594  56104.022643  -80.981422  23.298386  12.002097  38.658562  62.385338  59.406170  197.448196  91.685486  44
56104.070068  56106.011780  276.909454  25.254730  216.356354  42.439178  44.011246  66.102440  70.284668  101.587227  21
56106.128262  56107.868550  166.757645  27.553568  145.420441  45.313839  92.351822  70.564072  94.791534  108.087662  20
56118.027791  56120.018636  310.438873  33.556904  266.387482  55.214329  116.501518  82.327835  -38.138058  132.565933  27
56120.084987  56122.008925  196.131119  26.183475  145.718933  43.912376  122.946266  66.530846  173.553024  106.393089  44
56122.141596  56123.932524  600.384338  26.744276  510.050903  44.598686  -26.633568  66.353561  -136.071899  104.740311  41
56124.065176  56125.988539  416.638367  27.154524  270.691071  45.898460  0.357964  68.066902  169.559738  107.413124  34
56126.229944  56127.978084  433.597168  27.410524  367.545563  46.804024  117.411865  69.543907  -163.856476  110.938713  35
56128.110716  56129.967545  46.773499  25.921675  -20.034811  44.585621  58.030094  65.661919  -54.583344  103.319153  36
56130.100172  56132.023272  308.541656  23.748295  172.439728  41.522884  -22.521833  61.099258  34.935596  96.354637  46
56132.089584  56134.012660  450.246246  25.775284  369.915192  45.454872  -10.969268  66.414185  53.025852  103.996323  37
56134.054057  56134.982396  254.113800  29.376110  125.502861  51.486580  96.119339  75.149681  -335.397888  118.226395  29
56136.043363  56137.966387  214.692902  29.040699  100.408363  50.936867  -98.441498  75.158165  120.322662  115.754875  23
56138.099010  56140.022049  -6.754777  25.899874  33.428795  45.044430  -63.102966  66.701515  129.046021  101.194565  28
56140.088361  56142.011408  516.647095  21.559132  388.694061  36.545540  16.496651  54.074043  0.756222  81.927803  44
56142.036288  56144.025504  347.058563  24.254957  285.011963  39.894333  -116.202766  58.935291  -240.521866  88.589233  42
56144.067089  56146.014651  429.859467  24.118757  310.745789  39.605881  -59.733795  58.804554  -42.347641  88.952660  43
56146.056480  56147.979605  84.064728  22.891886  -1.199467  37.617977  64.912712  56.318443  -40.211868  85.444183  45
56148.045921  56149.992730  360.309418  23.390301  362.783936  37.912640  52.456074  56.570286  -56.145584  85.871857  44
56150.035458  56151.981672  364.807434  22.757679  260.339355  37.409367  47.814865  56.286350  66.233208  85.346161  47
56152.157817  56153.970569  332.161316  25.306324  308.306946  40.582294  7.019684  61.140808  171.449860  93.787529  38
56154.147817  56156.005545  221.128891  23.772629  113.506371  38.350052  -86.658554  58.360935  61.388363  89.522820  45
56156.071901  56157.996605  68.046341  26.513296  79.487663  43.958740  -56.993275  67.126213  -28.910242  102.944717  24
56158.129372  56159.871066  299.855316  23.380840  276.060822  39.409676  1.653750  60.490547  163.388092  93.782433  24
56160.121432  56161.462520  384.476776  32.653385  392.892059  55.598179  0.046470  86.123337  -171.969986  137.229248  14
56168.220774  56169.962000  387.289459  33.520573  227.242538  56.933327  -138.786118  89.507851  -145.403702  146.042358  12
56170.094780  56172.019628  655.489624  28.758181  527.263855  49.812153  25.142454  76.829483  -200.930145  124.123444  29
56172.132430  56174.010131  197.097916  22.221149  169.868607  39.240829  -111.662613  60.152615  55.968494  96.217613  46
56174.076471  56175.867486  112.941124  24.784565  153.706421  42.453808  25.174242  64.500099  36.987244  101.936577  39
56176.242727  56177.989834  319.971039  25.410742  227.269913  42.765751  81.529984  64.805206  77.220787  103.182678  39
56178.056152  56179.979326  429.391663  22.492809  279.427185  38.705166  147.489471  58.129875  51.729939  91.788170  44
56180.045639  56181.968697  355.083099  21.685791  261.574188  36.622456  34.795979  54.568558  184.759918  86.844330  48
56182.035006  56183.999667  -24.471815  23.686033  2.854423  39.256859  -37.362484  58.288868  -97.821327  91.119415  41
56186.055069  56186.983333  410.905823  29.785595  414.212189  50.246315  -58.655041  73.797569  -14.950631  113.960358  27
56201.040440  56201.926439  -18.014431  42.068485  -16.975723  70.380501  -131.131882  106.002892  -36.901741  155.984863  15
56202.101413  56204.024517  410.132874  22.052626  275.212982  35.952423  38.591003  54.334171  63.200626  81.693100  51
56204.090834  56206.014133  575.712219  30.676764  405.674133  50.383217  -0.540815  75.782555  88.830948  113.706406  34
56206.080459  56208.004074  508.251648  26.296104  303.408447  43.565571  91.166290  65.270401  199.240173  98.666534  41
56208.070414  56209.994522  174.429169  35.505653  111.165558  55.103569  109.461960  81.197121  135.117981  121.015999  30
56210.259969  56211.985733  213.319443  35.383728  194.131302  54.984364  -110.771301  81.073227  98.102921  120.146179  15
56212.118517  56213.977977  366.010681  37.609764  293.052917  59.754639  145.621307  88.142441  -132.586975  132.699890  12
56220.086360  56221.692506  243.711960  32.855419  248.033096  54.935047  -131.129181  84.655128  -12.095723  135.992096  16
56222.075409  56224.016188  100.782799  25.039717  25.237669  43.360271  130.445450  66.212227  -41.422974  105.679504  22
56224.082556  56226.006898  164.281265  23.922293  69.996552  41.591682  -68.759537  62.879692  -206.098694  99.545479  40
56226.052758  56226.980772  83.917984  31.729420  99.198967  54.063271  149.767014  81.475197  -184.311981  128.560822  19
56230.029970  56232.018626  309.159119  21.529686  238.841614  35.540001  39.516506  53.438347  7.990578  82.546867  48
56232.042307  56234.007335  300.238464  22.503994  136.856476  37.721550  -43.638447  56.642895  -66.363976  86.744400  51
56234.031515  56236.020624  230.266052  23.275831  192.969284  40.670677  26.331820  60.568577  -161.632690  91.460999  51
56236.062399  56238.009679  -78.099915  24.648207  89.159615  42.492817  -60.368004  62.944416  142.265549  94.197289  51
56238.051233  56239.998704  299.876068  24.466263  168.315369  42.066517  7.517364  62.322220  -0.392929  93.603806  53
56240.131305  56241.962760  428.690826  27.815563  364.027252  47.915478  59.427940  69.953369  73.946220  104.731407  44
56243.023539  56243.951726  130.720062  32.964134  24.815807  57.840317  -64.869339  85.277519  154.834244  126.496117  28
56244.042998  56245.940708  160.852768  27.265512  183.461227  47.239822  -19.050249  69.307449  87.148987  103.617691  49
56248.062292  56249.984982  372.769196  32.412582  158.584045  53.107700  96.804123  75.826126  -117.578568  112.520782  42
56250.051282  56251.973984  151.253967  30.260767  186.151321  50.134995  -76.542656  73.096085  96.272041  112.252594  42
56252.040284  56253.963021  218.269165  24.252987  89.548302  40.469223  112.932121  60.093430  47.391823  95.009560  47
56254.029324  56256.018443  4.001940  21.740360  47.009563  34.813541  70.897362  50.860889  -16.744017  79.830269  51
56256.084750  56257.941392  433.266266  24.392195  348.772491  38.925629  84.797058  56.707710  -143.218277  88.263748  47
56258.074018  56259.997205  425.893951  28.799595  306.859680  47.605316  25.407152  68.572212  185.835876  105.118401  37
56260.063528  56261.854408  428.282593  25.051586  342.416077  40.698677  156.763855  59.406342  -126.235611  89.907188  40
56262.074068  56263.977550  273.402222  25.832094  174.626801  41.539433  10.357512  61.143616  82.133003  93.011551  32
56264.062591  56265.968867  82.976387  27.616148  73.328880  43.867233  -29.234940  65.357323  -149.091293  99.639259  22
56266.101657  56267.828370  653.285339  38.890789  432.318634  59.228123  -33.123314  88.779533  30.628561  135.567352  13
56274.067603  56275.807679  303.357117  29.731663  137.156158  49.031197  -25.081791  76.242065  -46.907787  120.905060  22
56276.056368  56277.997876  290.299683  23.923042  149.703720  40.013073  15.782751  61.529068  -258.678314  97.572403  32
56278.044900  56279.988123  382.259949  25.490698  265.693634  39.996109  76.340675  59.402100  97.313225  92.605217  44
56280.033352  56281.977833  251.711243  22.419638  175.110123  37.218979  26.190218  56.480999  -6.104990  88.723694  50
56283.038859  56283.967191  245.900925  33.807686  253.663116  56.397243  92.743324  85.195610  97.842819  134.262497  23
56284.033500  56286.022629  209.889587  21.499201  241.798157  35.849255  95.642723  54.311008  -126.265869  85.592789  48
56286.065033  56288.011621  223.551468  21.123886  124.957954  35.102039  16.335350  52.718578  57.122852  83.254395  51
56288.053588  56289.975914  328.364960  23.610550  257.381592  39.406174  78.071144  58.765968  -95.129990  93.615967  45
56290.042203  56291.989400  16.027990  21.123680  -13.028216  35.116714  12.864773  52.153641  62.979225  82.713463  53
56292.030876  56294.019601  345.331818  21.323067  304.656036  35.530228  52.184303  52.363644  12.671426  82.700516  54
56294.044536  56296.008367  215.157089  21.034449  223.672287  35.005592  73.370544  51.563412  -90.187744  81.497932  53
56296.074660  56298.022162  213.662827  20.762985  135.766296  35.084934  -29.082577  51.527702  -41.494003  80.768272  56
56298.063454  56300.010931  31.739511  21.854979  37.570770  37.260281  -37.398628  54.774834  -62.057926  84.167694  52
56300.052263  56301.999655  303.103485  21.927130  260.941925  37.251953  24.616079  55.291672  -35.346424  85.997780  52
56302.041081  56303.988321  518.316772  26.621805  416.651031  44.395767  42.701302  66.303741  84.222412  103.520729  36
56304.029909  56305.976920  471.004028  32.554417  370.083740  54.804253  -226.320023  81.429474  -49.295341  127.609962  28
56306.043206  56307.965448  158.022964  30.663780  136.346527  48.805031  30.320004  73.136856  95.014313  113.386284  34
56308.031732  56309.953908  -14.096877  30.931402  12.836061  48.146294  -63.351131  72.098511  297.171234  113.059792  37
56310.062984  56312.008589  483.885162  26.894453  357.046875  44.450085  68.919937  67.464638  -36.677818  106.774223  44
56312.052175  56313.996948  509.307770  35.057682  349.404724  55.073753  89.338768  85.359749  292.470337  136.889679  23
56314.063226  56315.985295  258.463470  37.692928  160.209503  59.175667  12.522746  93.955513  304.937988  151.084335  19
56316.051573  56318.022197  450.201935  25.049160  354.375366  43.148239  155.999161  66.773567  -92.320427  102.047073  37
56318.088566  56319.962213  255.193710  24.880423  203.444534  41.707150  89.962791  63.656898  -53.549919  98.006248  26
56320.080164  56321.288116  108.819145  35.064228  -25.447451  58.159084  -120.475655  89.723976  142.550262  139.281174  14
56326.055382  56327.926425  85.514740  33.922684  68.044739  56.410343  30.400776  89.631790  136.073318  146.676605  16
56328.044369  56329.918025  294.729309  23.879929  215.409271  41.076611  -20.196527  64.331306  14.550828  105.094757  24
56330.032894  56332.021266  260.373779  21.785723  193.748032  37.305843  48.752033  58.097389  17.682634  93.236862  38
56332.041335  56334.009592  171.851044  23.141315  178.704300  38.962742  -32.035152  59.403896  -130.380142  95.221199  46
56334.031219  56336.020647  107.584099  21.276512  106.300682  35.860416  -26.131741  54.566563  -3.392723  87.093552  50
56336.064201  56338.009781  255.463974  23.812492  142.076614  40.076794  -74.341560  60.964115  53.919094  96.743797  40
56338.052563  56339.998730  254.450012  21.047087  148.830353  35.538361  30.303450  53.076416  -19.744289  84.573761  51
56340.040972  56341.987567  194.020584  24.646759  134.323105  40.482784  91.967003  60.701397  -6.405814  97.730133  38
56342.029436  56344.017959  245.562698  24.311943  199.964478  39.920506  132.567963  59.592777  65.649574  95.536362  39
56344.108923  56346.006535  67.959396  23.177050  63.973484  38.283634  4.478980  57.506405  -145.580917  92.204063  38
56346.031368  56348.020084  300.069427  21.582462  349.837524  35.364311  36.688301  52.216053  96.429367  82.601357  50
56348.061446  56350.008783  467.758911  28.620737  400.208557  46.442783  -48.352226  69.362007  224.185226  110.049339  25
56350.075073  56351.997457  244.900253  25.341127  197.794968  42.000038  39.366344  63.679035  -26.613575  100.715675  31
56352.063746  56353.986093  58.202034  24.414902  99.585762  40.723869  -3.616330  61.004246  29.226818  95.051758  38
56354.052380  56356.016159  150.447296  19.800028  75.529259  33.011852  53.843670  49.473392  -1.488757  76.539154  56
56356.040961  56358.004861  377.162109  18.972435  330.831116  30.947845  -46.357918  47.378551  -168.648346  74.847656  50
56358.137442  56360.017915  632.533875  21.064878  408.483948  34.095257  34.177116  52.141430  32.595131  81.479462  44
56360.059886  56362.006281  235.423706  23.236567  213.050690  38.724026  -48.705460  57.586529  -66.190544  88.688362  46
56362.048689  56363.928300  58.609653  25.529699  145.062881  41.897736  -106.052177  61.554260  -24.369188  92.172516  44
56364.060850  56366.026762  253.357880  24.185547  193.061066  40.133369  75.294151  59.163334  6.855235  88.532990  49
56366.049083  56368.016247  163.257355  27.506773  166.347305  46.574474  -87.774498  68.358063  51.549633  102.750557  41
56368.103547  56370.006266  245.414658  31.507353  176.301132  53.652737  53.549858  78.424553  20.209711  116.285797  40
56370.072613  56371.997083  115.763710  33.725029  14.158251  58.135818  -20.535418  84.903664  42.599174  126.386963  27
56372.063462  56373.988952  72.329407  38.291538  168.190430  64.778542  -15.495982  94.880402  -128.674362  143.745712  18
56380.029007  56382.017521  45.257320  30.956402  -93.259216  52.680691  -246.027115  78.795280  -213.522369  127.350548  31
56386.060172  56388.004107  338.406677  25.382627  261.749512  43.557968  98.478447  66.119408  162.769257  104.490196  31
56388.070418  56389.993238  176.335892  25.822472  -14.579825  43.481037  -10.596639  65.451408  114.155922  103.843712  35
56390.036454  56391.982113  217.280304  23.107746  162.924881  38.824638  16.551046  58.119431  -112.675499  91.520958  47
56392.048406  56394.012887  318.513763  26.682693  266.055908  44.548904  94.567802  66.097580  -65.159576  103.311852  41
56394.037118  56396.025735  195.490250  24.899452  163.465134  41.235634  -6.122253  60.225929  -139.070404  92.428711  46
56396.067465  56398.014301  166.584030  25.963697  158.017960  41.271706  0.993519  61.106998  -91.541710  94.586548  50
56398.055825  56400.002838  51.411629  22.387749  57.000374  37.782192  -65.393929  56.318695  -62.022408  86.790184  53
56400.044239  56401.991360  234.161316  21.408472  217.375900  36.539001  -28.920649  54.661835  -81.991852  83.579437  54
56402.032696  56404.021185  246.574280  25.133837  199.506195  42.395485  93.237251  62.754086  12.685046  96.261726  44
56404.046147  56406.009692  129.631958  22.771818  120.503868  38.808094  -30.082996  57.589592  -132.284042  87.569702  51
56406.034624  56408.023061  126.343231  24.564631  60.748238  42.486160  14.186105  62.654587  -67.834206  95.804970  50
56408.064490  56410.011442  189.673737  32.054569  154.590698  54.100945  76.123505  78.656265  -13.526898  120.387093  36
56410.053013  56411.999759  261.231445  27.924168  208.906067  47.149685  43.767342  69.007751  13.667439  105.023003  44
56412.041554  56413.988004  221.869354  31.332087  134.031647  52.150547  -22.646261  76.300278  4.081239  115.696022  35
56414.030139  56416.018810  122.433617  25.669228  63.840923  43.094002  -32.969826  64.166718  -238.921417  97.218018  49
56416.042449  56417.941336  49.641129  29.543085  -36.516201  48.341999  104.763924  72.279968  -50.677620  110.690857  36
56418.030556  56419.952346  295.237640  25.745169  214.638031  42.032082  -45.355888  62.996082  -7.458711  98.745659  41
56420.063021  56421.986196  378.850037  24.364584  271.468872  39.846676  -60.360531  60.584003  -116.138046  94.329735  37
56422.052521  56423.976301  301.596527  26.525307  220.923401  43.416515  88.917084  66.230652  90.339996  102.387543  36
56424.042652  56425.967305  10.079580  36.937698  76.241028  61.809372  22.623281  95.935852  298.134003  150.721710  17
56432.538996  56434.011276  -14.029482  43.582359  -44.175655  70.463608  -91.704453  109.036751  81.083206  168.169525  11
56434.077674  56436.002699  -19.544876  23.739977  30.255358  41.381153  -57.967823  62.799969  -147.592331  98.528358  26
56436.135421  56437.993103  422.367096  26.387251  267.889862  44.882767  54.070080  67.199043  157.634293  104.913857  25
56438.125766  56439.982746  395.136230  24.006592  317.829498  41.354080  36.942600  61.494251  -43.884029  95.269791  44
56440.027736  56442.015657  615.148682  23.284901  476.779694  40.294189  -109.840767  60.510704  72.579536  94.020042  47
56442.038180  56444.026976  56.096191  24.487183  122.548874  42.669662  41.943901  64.730446  -133.202118  100.577515  42
56444.093266  56446.015564  369.506134  23.282770  362.275543  39.931618  145.970413  59.642960  -10.496345  92.029114  47
56446.081848  56448.004024  875.479919  24.945143  584.236694  41.789238  97.919434  61.524067  105.344246  94.940437  44
56448.136585  56449.992408  440.400238  26.185335  337.328217  44.119083  126.856400  65.280190  29.946999  100.564697  41
56450.058687  56452.022179  170.646820  27.914158  53.525940  44.768723  7.705972  65.098328  10.322299  99.394081  48
56452.047027  56454.010393  217.723129  23.176350  169.187286  38.192646  0.543132  55.977356  81.810760  86.339447  53
56454.035345  56456.023646  707.891785  22.133152  455.011932  36.962723  81.522362  54.448212  97.769043  84.906555  59
56456.064923  56458.011927  595.060913  21.987297  477.732605  37.411110  58.898033  55.282597  -136.083420  86.858704  56
56458.053206  56459.975229  161.541351  21.336479  90.297096  35.561783  49.572800  52.611870  -114.249130  82.381737  55
56460.041505  56461.988383  108.115631  26.084469  143.640732  43.650242  81.752480  64.659225  56.614716  101.632416  40
56462.029816  56464.018140  279.373077  22.758135  233.630035  38.545864  18.633320  57.458748  7.221995  89.914093  48
56464.084418  56466.006496  255.393845  24.563032  176.985031  40.558754  47.952412  60.244335  50.216610  93.165421  43
56466.030882  56467.994912  278.961212  24.124647  216.187714  39.807961  44.335163  59.409466  43.669415  91.063843  46
56469.055442  56470.006843  94.262993  38.676548  36.380810  63.353653  177.592300  95.239586  -44.694572  146.081161  22
56470.073107  56471.994740  142.818649  36.329037  120.819260  59.549789  322.340149  89.208458  207.487793  139.215042  29
56472.061003  56473.982602  283.880585  31.145823  267.751923  51.024914  55.164951  78.212128  -73.827263  121.564964  28
56474.027491  56476.017008  441.852814  24.086168  395.236938  38.993351  -74.576515  59.541588  52.342327  90.773155  38
56476.036723  56478.024637  558.473389  28.030584  399.089661  46.565392  76.501480  71.955803  13.118640  111.171204  29
56478.139963  56480.012739  122.514816  26.182146  92.604103  43.003651  -0.690315  67.006248  57.405663  103.611801  21
56486.303242  56487.909164  190.928513  33.441502  114.274055  53.420574  13.969215  84.704597  -197.551437  135.058075  18
56488.041923  56489.966408  272.765137  27.592430  275.906769  46.090340  17.326168  72.496269  -65.176651  116.792610  23
56490.231781  56492.022672  763.597290  27.376242  598.790161  44.671871  74.607208  68.317825  24.935352  107.922890  35
56492.088990  56494.011949  848.830750  27.551384  583.416016  43.678280  -23.704927  65.097702  -22.757599  103.034988  45
56494.078250  56495.845406  457.450409  36.930935  372.023285  59.363743  142.171829  89.684158  -236.680771  141.183212  21
56496.242969  56497.989383  -8.785799  30.874865  37.996990  50.479992  -72.740395  76.327843  -18.746798  120.229095  27
56498.055666  56499.977794  313.874268  26.997681  264.715363  43.994587  95.384010  65.134483  -64.753281  102.578636  44
56500.044072  56501.875362  179.808609  29.722279  167.193451  49.884689  35.937099  74.184311  -156.980911  116.442017  29
56502.140423  56504.020626  310.287231  24.959126  257.863342  42.290600  3.258769  62.729546  115.237175  99.120819  37
56504.086899  56505.851436  225.089050  22.280375  165.170898  38.009804  -7.209687  56.582123  -30.902639  89.057838  40
56506.050242  56506.845486  -23.216139  40.264950  69.860138  69.769730  15.519932  103.202469  116.231247  160.730530  13
56508.038356  56510.026502  400.843933  19.342960  248.884598  32.445259  25.689465  48.259235  -31.820202  75.142708  53
56510.051492  56512.014666  234.191696  19.894264  199.099731  32.954727  69.308723  48.937553  39.682064  74.534546  52
56512.039644  56514.002840  263.749573  19.509054  255.365463  32.353046  24.764311  48.369114  -103.413757  73.819244  54
56514.027756  56515.991023  -1.957657  23.130344  5.463906  37.346844  -77.660782  55.580692  23.518545  84.663803  46
56516.057296  56518.003809  331.780640  24.755777  263.996918  38.999081  -33.697884  57.777603  -140.339340  87.301666  46
56518.045497  56519.991731  161.448105  23.438721  145.598434  37.614986  -22.081711  56.608013  -68.858498  85.470818  45
56526.352633  56527.942783  457.946777  73.462212  276.928802  93.418816  48.552608  129.766205  57.397205  190.743713  20
56528.340321  56529.930474  203.927338  74.806953  63.386971  95.204643  143.583572  132.668747  -630.559204  195.743134  20
56530.328019  56531.968354  -10.866415  48.078217  -23.246109  67.057945  29.713314  95.976700  -25.401169  140.450317  34
56533.030369  56533.839973  -85.040466  61.091293  76.445786  97.578087  -38.766869  140.848267  215.951950  212.393295  21
56539.014813  56540.010868  167.942703  60.902958  -12.859756  98.399162  3.817860  148.470886  450.518280  237.601685  21
56542.250811  56543.992622  114.968849  29.084753  30.447746  49.659199  -148.811050  77.293106  103.281517  122.838837  21
56544.058951  56545.982141  501.769653  25.087912  297.174133  42.490448  134.946075  64.993874  2.205007  104.125854  41
56546.048447  56547.971101  223.072250  24.454296  120.464218  41.575844  -0.559378  63.434441  38.975803  102.187698  44
56548.037393  56550.025980  213.968521  21.628134  138.720657  36.312260  101.130196  55.046558  -7.612281  87.393860  51
56550.069018  56552.014342  16.234266  20.864658  21.392050  34.808323  40.721889  52.544357  91.935730  82.657799  52
56552.056749  56553.936294  346.415588  22.022551  272.740448  36.496304  86.826752  54.776535  -5.763416  85.902000  49
56554.044536  56555.990706  252.349960  22.810387  201.164505  37.435612  -16.246147  55.862247  -152.454025  87.265961  49
56556.032385  56558.020293  212.138870  22.348223  108.142982  36.118610  124.635506  53.271889  98.215912  81.893074  51
56558.045072  56560.008252  109.467461  21.606236  82.826393  35.389702  18.324917  52.371441  110.762589  80.488174  53
56560.033144  56562.021198  228.540344  21.716000  190.743790  35.784931  -8.236667  53.185135  -102.866112  81.771835  46
56562.062517  56564.009231  433.467743  19.147268  278.126221  31.579086  -11.471952  46.934654  5.048209  71.735382  60
56564.116808  56565.997233  443.669556  20.401953  299.927795  33.671673  59.703491  50.147156  27.021255  76.622025  54
56581.016907  56582.011535  209.490814  42.704922  160.671341  65.396873  82.411003  96.373726  -106.702553  143.132370  20
56582.077851  56583.934992  271.044250  33.397636  121.512878  51.289913  67.527672  76.007957  -47.857986  112.448235  23
56584.134019  56585.992091  323.527649  56.743019  348.021149  87.173035  -0.034015  125.987076  -1.101796  188.395798  25
56592.627944  56593.901381  208.088089  38.689278  167.473785  69.820061  -101.704124  109.963951  -113.978737  186.435455  11
56594.085791  56595.958533  161.874374  22.641722  104.516014  38.931522  -46.937077  61.368252  -196.659363  98.158905  27
56596.073426  56598.014623  190.370743  23.354164  104.720444  38.962044  -2.511543  59.504681  -98.867943  94.175606  39
56598.060907  56600.003666  582.547424  23.909288  436.868561  39.149593  176.565033  59.085361  211.353043  92.195732  45
56600.048343  56601.992236  309.496857  25.514450  390.029236  41.777576  94.847420  63.026768  20.382183  97.518837  41
56602.035781  56604.023248  140.585678  24.151011  152.423004  40.090000  128.482300  60.741837  -13.788711  94.152092  37
56604.089498  56606.010758  138.849716  23.181210  79.871033  40.756813  86.902939  62.217335  151.896988  95.514610  31
56606.034835  56608.022776  276.521393  24.826874  194.124481  42.286236  -101.420837  63.946117  -0.126471  95.878914  48
56608.064572  56610.010643  274.119965  28.206852  201.403091  48.688461  -0.784393  73.250816  -14.989798  110.734642  40
56610.076905  56611.998467  277.983704  25.519884  219.307846  43.847584  -16.969255  65.422379  38.326523  97.434975  50
56612.039854  56613.986258  165.719696  26.721418  64.628510  45.833141  -66.640686  68.151360  -129.215881  101.567833  46
56614.052518  56616.015285  290.042480  25.508713  181.583664  44.147808  -0.365708  65.952148  -21.035238  97.765862  49
56616.040280  56618.003029  372.556366  25.344990  257.138031  42.706524  133.581528  62.827930  79.901512  92.302818  53
56618.028010  56619.949444  356.650452  26.357225  266.488373  43.504166  3.803431  63.388943  -90.776352  94.053772  48
56620.057038  56621.978534  274.749847  26.269119  283.073608  43.348236  -53.654667  64.125359  35.933613  97.272163  42
56622.044793  56623.966302  82.419395  22.854004  72.718414  37.996723  18.380154  56.846840  44.843376  89.459877  49
56624.098822  56626.020366  246.281921  21.465178  124.782753  35.129452  -41.083431  52.384399  -91.846596  83.229614  52
56626.086629  56628.008239  522.677368  22.388405  407.727844  36.288143  100.201683  53.631432  110.673531  84.027557  50
56628.098358  56629.996236  604.208435  23.795908  428.844971  39.732445  102.200897  57.791542  -186.019608  88.366669  46
56630.062507  56631.984440  201.705063  31.863987  128.585007  51.168041  153.404129  74.299675  76.909256  111.904320  46
56632.050719  56633.972975  241.695892  18.210144  204.390762  31.277353  26.713219  46.522247  0.838625  70.724701  46
56634.039268  56635.962024  316.581879  17.907501  222.370483  30.697792  56.953899  46.052578  -6.351592  70.340691  46
56636.028337  56638.018180  355.385498  22.578590  226.890320  37.214134  48.270641  56.029961  -29.263554  85.736588  48
56638.034981  56640.022566  378.635071  35.931843  219.320938  53.023937  37.428806  77.824226  -29.190670  120.743683  39
56640.075404  56640.420143  24.332754  40.830494  -138.540649  63.590847  -75.065338  96.594597  -26.137951  148.594498  12
56646.046038  56647.967409  344.505066  43.435280  312.151825  74.092445  -21.263672  111.936005  271.809601  178.790588  19
56648.033654  56650.020950  58.613747  29.670879  81.142464  48.881359  65.366829  72.574913  -70.815750  113.117447  27
56650.039786  56652.008133  109.103218  34.293148  -72.749687  55.644127  113.666260  82.376808  2.346971  124.209831  23
56652.028884  56654.017392  439.450745  23.867746  272.333954  39.219788  2.040693  58.259556  149.045898  89.277145  45
56654.061523  56656.005513  280.856598  24.208048  179.523941  40.852398  -7.540316  60.545086  46.934475  93.269119  43
56656.048684  56657.993384  157.778381  23.914267  168.140717  40.362106  139.973846  59.916786  -32.883625  93.822998  44
56658.035876  56660.023113  98.920601  25.175106  114.261864  43.029221  49.463516  63.522110  -31.260397  99.696907  43
56660.047351  56662.010399  606.654358  27.436838  415.045807  45.523605  -15.156012  67.038193  94.960007  104.974365  36
56662.034961  56664.022513  510.312378  24.274950  437.907379  41.324154  42.493832  60.989265  47.513134  96.492630  49
56664.063982  56666.010032  499.318451  25.586721  500.565521  43.037197  42.075012  63.053371  14.984324  99.472839  46
56666.051368  56667.997527  122.123184  23.007240  140.935608  38.833115  -84.607910  57.124702  147.133698  88.626183  56
56668.038791  56670.026238  383.340454  23.267998  257.528351  39.044785  -8.732654  57.244015  23.924395  88.768257  55
56670.051244  56672.013699  580.780701  23.575516  421.615479  39.099720  47.259953  57.255810  -33.793488  88.321793  55
56672.038679  56674.026069  489.294647  24.314899  359.894775  39.609470  -9.516716  58.037605  -8.665837  88.743248  52
56674.067415  56675.988640  296.112946  38.853657  239.987762  63.844883  76.493759  91.464798  86.224617  137.742844  37
56676.054890  56677.843633  124.697784  44.327236  56.950340  66.543571  35.701839  93.213013  -133.941635  137.701904  33
56678.042386  56679.963674  762.553528  60.509155  462.100891  84.094498  -86.203140  113.694916  -17.057201  164.858414  29
56680.029927  56682.017555  238.947662  40.334370  110.514923  59.032223  87.098717  84.284500  -27.298937  126.954575  40
56682.041212  56684.005339  387.855103  36.787182  286.624512  53.813931  80.707741  77.855560  89.704903  117.222969  45
56684.028263  56686.015265  8.379377  51.225887  76.591095  72.165894  -111.422379  102.988594  -21.174398  151.770172  34
56686.059651  56688.002239  494.640900  79.022438  439.994629  104.139679  159.845978  144.641708  137.719513  210.128143  27
56688.048108  56688.578458  569.517822  144.101868  369.403870  187.583755  40.474106  254.608521  69.834084  350.140503  12
56698.727780  56699.986569  368.043854  51.840836  259.449371  85.890228  -56.997898  128.481415  128.144104  203.723984  14
56700.119060  56701.973725  364.874298  41.827423  302.253174  72.174309  159.498535  110.198593  -448.118439  175.218430  13
56703.033450  56704.026914  12.614156  31.975039  -54.794338  54.918194  102.498566  83.479790  -35.230755  130.934357  25
56704.046628  56706.013806  205.142563  23.952129  178.229156  40.830868  124.239326  61.753254  105.421844  96.019936  43
56706.035193  56708.023253  131.596542  30.720854  64.346458  52.117809  152.394043  79.259644  149.244537  123.582855  24
56708.066920  56710.010983  200.563797  22.586821  194.728485  37.906246  70.424828  56.801777  55.652592  87.450668  46
56710.053823  56711.998500  198.174957  22.387749  133.868744  37.394154  -74.289650  56.000072  124.591454  86.999107  43
56712.040764  56713.985882  69.222374  23.886765  133.957245  39.363861  20.958540  58.689724  -9.810434  90.871239  39
56714.027749  56716.014782  379.643463  18.344757  278.815521  31.612356  60.774803  48.027596  -62.910568  76.252235  45
56716.039425  56718.026668  272.207092  19.278067  241.623505  32.308449  83.411339  48.274712  -1.206803  75.345467  49
56718.068091  56719.988962  469.128510  22.368660  341.559082  36.704220  -29.280853  53.797771  2.264008  82.843597  44
56720.055200  56721.976092  59.610310  21.367802  -7.454659  34.993599  -27.085096  51.301807  -16.319426  78.800468  50
56722.042330  56723.988196  274.242889  24.040302  344.514221  39.516888  44.440529  57.868687  55.902920  89.416870  44
56724.029469  56725.975292  428.568207  24.542158  282.112946  40.146984  64.661003  58.811028  -13.364491  91.101906  41
56726.041528  56727.962327  337.945068  27.576948  280.905701  44.669689  -4.218820  66.086563  -15.561439  102.336426  32
56728.069977  56729.990870  222.652344  32.949974  205.622620  54.217590  8.114592  80.224991  13.075701  121.207947  23
56730.057107  56731.978016  170.205429  40.576923  91.296463  62.781364  -78.674736  90.980278  131.031723  133.303207  25
56732.044255  56733.898973  474.368988  73.734573  597.191772  100.557518  312.478851  133.546570  63.437637  182.050705  25
56734.097697  56735.952516  528.347046  88.526764  336.725433  118.455505  146.730011  157.133484  -139.066193  215.114517  24
56736.151254  56738.006253  316.631897  69.019714  397.693695  99.120163  -346.284058  136.455215  10.862669  196.957397  37
56738.028780  56739.927783  -3.358932  62.301392  -16.322651  92.718117  100.807014  129.463013  -133.966446  189.558807  37
56740.126585  56741.982331  504.772797  45.840603  421.378357  70.569092  -89.608986  99.486610  -31.675997  147.137451  44
56742.068150  56743.988525  635.444763  37.690960  523.384216  59.661419  86.798424  85.698540  45.803349  128.542419  48
56744.037668  56745.895022  517.845886  36.174156  402.775909  58.249031  -25.713690  84.826065  170.195465  129.737396  42
56746.027728  56746.691314  404.442596  65.892311  53.793076  107.136131  56.602760  159.393707  -347.762726  248.215225  11
56752.063147  56753.983819  305.125153  43.099319  122.368660  72.348358  139.307373  108.674629  -150.889084  171.799393  18
56754.050042  56755.970373  297.726135  26.392977  171.669693  46.104988  -83.085335  69.439270  129.921234  112.196129  28
56756.036589  56758.023020  -14.936315  23.473404  15.291208  41.093014  61.590080  61.741520  -114.150635  96.759987  34
56758.043512  56760.009419  291.038818  23.529030  258.717529  40.082851  10.713610  59.917442  41.734840  92.871559  42
56760.031367  56762.018797  356.095215  24.172804  218.299683  41.084820  -48.973392  61.239109  -39.090214  94.767921  37
56762.062038  56763.982261  252.781830  25.934412  156.868866  44.213543  40.975636  64.736443  105.306633  98.442131  32
56764.048477  56765.992934  274.182404  25.179733  223.067200  42.046223  31.094906  60.863190  2.364005  91.625923  43
56766.034960  56768.021492  288.603485  25.062006  263.643860  41.676689  77.704781  61.158783  -24.498709  92.390877  42
56768.087711  56770.008074  397.027161  24.799250  278.939850  41.249603  37.698769  60.862354  4.367239  92.823410  41
56770.032834  56771.994702  595.440002  23.053574  375.395660  38.589512  94.632370  57.171268  -2.787557  86.759415  48
56772.060924  56774.006336  350.748383  22.583904  302.800812  37.905113  -4.659537  56.362942  15.938769  83.843102  51
56774.047592  56775.993051  9.478486  20.734694  9.212840  36.449657  -20.161549  54.212204  79.206902  82.878159  58
56776.034287  56778.020999  388.522461  23.592136  333.463928  40.203831  31.148211  59.104347  -18.227358  88.534622  57
56778.045960  56780.007716  729.800232  25.207781  672.768982  42.989513  -2.541419  63.041473  -22.433817  94.234825  51
56780.032602  56781.994441  807.860229  29.763039  554.192932  49.943134  96.263741  72.855499  -85.369385  109.964806  42
56784.047406  56785.992173  273.125397  26.578335  194.740158  44.470158  -96.276367  65.644463  68.175781  98.970688  48
56786.034188  56788.021050  336.421417  26.680357  266.188507  43.565407  -34.024040  64.644508  111.814880  99.199188  46
56788.044770  56790.008056  405.784851  23.789877  352.106140  38.742718  31.633108  57.880836  -55.493645  90.336456  46
56790.031091  56792.017363  422.588745  23.670452  289.477264  38.000835  26.775383  57.213028  65.875702  88.920464  42
56792.061549  56794.003608  70.643883  24.649460  22.641716  39.053791  -79.974037  59.160690  -17.342791  90.803696  38
56794.049191  56795.989869  474.619354  28.211636  301.650574  44.154278  48.130131  66.161659  -106.647202  100.010468  40
56796.037430  56798.026535  431.959564  30.977825  276.852905  48.824394  -38.237957  74.198448  2.441463  110.888657  18
56798.291826  56799.751261  275.393158  38.437801  265.986328  62.677814  -102.338264  97.257233  -121.816841  151.336090  14
56806.063400  56807.969808  387.567841  29.985987  266.424042  49.105049  2.037386  74.358078  117.381668  115.972244  21
56808.036019  56810.022272  697.976685  23.462967  504.990112  38.859283  -10.878251  59.896439  -93.614960  94.741127  30
56810.041763  56811.963418  25.496130  18.820951  10.660456  31.773869  15.929823  49.325958  -6.083798  77.611229  47
56812.029673  56814.017064  413.858185  19.803268  324.263336  33.407906  -46.641861  51.245853  1.378884  80.520805  43
56814.083304  56816.004119  266.085266  21.394529  210.524704  36.509598  75.368713  56.125206  58.477386  89.557121  35
56816.136581  56817.990957  230.798157  18.952332  237.443161  32.329079  59.241219  49.941299  214.620163  77.974121  41
56818.057182  56819.977659  210.037567  19.270166  117.529167  33.354393  25.625141  51.527283  -7.912371  81.756844  39
56820.043881  56822.005844  239.975754  22.513832  160.772751  38.172066  71.501022  58.435558  28.233063  92.677567  31
56822.030500  56824.017074  325.547302  20.371635  166.553650  34.644104  18.549852  52.859463  -131.061676  84.427315  37
56824.149511  56826.003623  251.058289  17.394842  209.677811  29.796053  68.119118  45.750954  90.278458  72.314438  45
56826.069841  56827.990153  397.677338  17.810631  262.592194  30.183455  -70.475906  45.826962  -70.302345  71.702164  55
56828.031360  56830.017863  47.718334  21.664211  19.833176  35.898998  9.126461  53.223518  -107.694099  82.315765  54
56830.084079  56831.938166  413.671112  24.374422  340.170166  40.059349  -14.181397  59.263081  -166.562210  90.965309  44
56832.070599  56834.015785  214.877213  34.710701  150.077240  57.260914  117.656525  86.432533  -111.300224  134.495087  17
56834.653095  56835.977459  195.987488  35.282631  239.464645  59.700394  28.491087  88.321281  68.462952  137.102798  20
56836.043678  56837.964034  18.941013  29.323082  38.062332  49.260494  54.363892  73.667999  -119.866295  111.248001  26
56838.096475  56840.016892  252.694046  30.174610  187.701065  50.139332  -21.655931  74.740685  10.546121  113.502556  28
56840.040924  56841.960894  422.730713  23.118643  314.137115  37.925850  2.236402  57.421116  -3.479635  87.905151  43
56842.093303  56843.947013  333.936554  26.983253  81.161057  44.497726  105.065979  67.371292  207.144653  104.629822  32
56844.056802  56845.999293  390.653717  27.883915  241.154510  45.621647  134.167465  70.174309  -91.554665  110.865295  41
56846.044037  56847.985358  145.758575  23.266611  54.026466  37.819973  -29.065786  58.183006  -49.850452  90.159142  47
56848.031738  56848.978402  445.370148  64.864098  234.417694  89.137695  59.168400  122.567657  170.905746  191.132156  19
56851.030779  56852.023958  625.080566  50.017170  393.448669  76.105156  4.640396  111.198112  -181.991180  167.835602  21
56852.208514  56852.752370  1364.958740  72.483322  1026.035889  120.858543  229.976593  179.079529  -226.362137  275.466492  13
56858.308740  56859.898013  381.598755  39.582321  379.669647  62.300179  -72.653648  94.627861  -40.063797  149.421021  20
56860.295277  56861.968610  467.210419  29.883751  399.601868  49.048367  73.155869  74.925858  55.991798  118.708252  27
56862.034897  56864.023067  269.391083  28.460817  212.487442  45.314777  -55.147381  68.349854  -26.320780  108.442719  39
56864.089327  56866.010587  118.887108  24.977283  146.196014  41.177490  103.181870  62.665054  39.611683  99.262405  45
56866.076829  56866.937938  379.245697  37.514984  168.465363  62.363190  -78.749672  94.559425  -60.671661  149.898651  19
56871.044045  56871.971125  587.732361  30.766428  419.205658  50.064487  -29.509607  74.087662  -135.373993  115.354858  25
56872.037344  56874.023871  123.138344  21.794081  85.873055  35.545231  -59.003830  52.449745  18.705650  81.087158  51
56874.090086  56876.010335  251.799896  21.399200  196.486328  35.044754  -92.455376  51.499039  39.858391  79.864120  52
56876.076549  56877.996767  284.363434  21.356133  173.271957  35.052334  5.791718  51.491066  -37.494083  79.190605  51
56878.038111  56879.983179  235.422241  21.301226  219.718201  35.709835  -15.393046  52.997711  124.121559  82.291191  53
56881.017616  56882.010799  100.749893  32.892841  92.826736  54.534790  30.210730  80.365044  144.293320  123.584007  23
56882.077012  56883.997179  16.303776  22.112949  -5.726572  36.457813  -90.026024  53.860065  -22.442358  82.168541  51
56884.088366  56885.983569  450.209839  23.108383  378.588593  37.285061  -25.577183  54.502792  129.900253  82.628105  52
56886.049782  56887.994761  412.733246  27.014845  274.435638  43.265888  19.253677  63.402229  -39.665836  95.150803  50
56888.036180  56889.956379  488.786530  24.440794  374.103546  40.725025  33.526295  62.204372  -76.364044  96.877357  39
56890.088808  56892.009045  2.103545  33.297741  130.409424  52.882561  130.687454  78.886574  -51.073921  116.948326  24
56892.141476  56893.995573  70.812767  52.451458  18.325081  78.707077  -186.041092  113.083244  64.961441  160.515015  26
56895.055106  56895.916014  406.581848  112.643234  -62.283493  150.256943  15.049945  203.723862  -582.254211  275.356049  14
56896.048464  56897.991319  102.912445  54.405857  215.093491  75.323380  -25.292524  108.074974  183.710159  152.471313  48
56898.035368  56900.022642  257.916901  47.021408  132.837326  68.222015  102.155670  98.330521  -20.892382  140.637833  47
56900.088893  56901.944221  220.098236  49.165516  2.615932  74.161499  59.173767  107.723969  91.145790  156.157867  34
56902.076769  56903.999197  276.020081  41.652786  247.441772  65.519836  63.053108  95.468742  81.433533  143.021576  39
56904.065505  56905.869117  307.647949  38.028702  286.849945  60.579586  -30.872080  88.670158  -219.538651  134.795380  38
56912.153741  56913.742661  213.598465  42.963169  175.505081  67.486977  133.295914  99.951614  -349.994354  154.842514  17
56914.139855  56915.946301  635.767273  29.344990  472.695374  47.470455  -38.266739  71.856949  14.981019  112.163231  28
56921.046962  56921.974074  87.782799  49.190350  133.336746  75.239975  -289.743622  109.122078  -203.045715  171.448502  11
56922.040292  56924.026797  310.923523  21.353729  227.071823  34.570724  64.028610  51.870800  18.380886  80.573257  50
56924.069097  56926.013159  312.085999  21.712633  172.793961  34.806797  5.632443  52.071365  -31.620417  79.752556  49
56926.055029  56927.999435  166.516052  23.069084  32.805099  36.740891  -62.016193  54.634335  109.058571  83.178085  45
56928.041017  56930.027056  201.891479  25.946873  21.475372  41.572933  67.697685  61.374485  -47.647839  92.447632  36
56930.051866  56932.013138  230.647202  21.160061  182.300278  33.794476  128.390793  49.907845  -56.191814  75.360687  50
56932.038057  56934.024219  127.040161  20.205666  112.573471  32.411106  -4.183419  48.038860  -13.463767  72.370102  54
56934.065453  56936.010350  72.576706  20.157188  43.560394  32.853249  -41.900841  49.062653  -37.818588  73.956902  55
56936.051579  56937.996440  52.987885  23.047953  -2.677405  37.179996  -44.257195  55.762894  -3.116559  84.169174  50
56938.037708  56940.023836  306.402283  26.304337  252.806458  41.543350  13.144941  61.497318  -16.718714  92.633163  46
56940.048677  56941.943759  337.238525  29.058147  218.473389  45.100750  58.508850  66.221321  -95.207909  98.471092  45
56942.076167  56943.996108  533.190186  47.148670  217.322571  62.836308  63.128193  88.397278  -373.615051  124.544785  31
56944.062313  56945.982301  14.393478  65.381424  -125.605721  81.227066  68.795952  111.133858  -342.271942  153.307419  25
56946.114717  56947.968590  419.552795  89.859039  316.774231  104.782578  -37.076397  142.028961  27.001162  194.250961  23
56948.101015  56950.021267  107.974846  79.376877  138.131348  103.381966  158.739166  146.728455  165.600372  204.976776  19
56950.176368  56952.008015  582.359741  87.704605  501.201324  122.882919  93.726646  177.216171  132.515518  260.237274  12
56952.162001  56953.995209  558.821777  52.809517  338.111450  79.636276  -81.051636  115.255211  -34.517296  170.154266  19
56954.061460  56955.916807  42.603836  54.128361  65.375702  78.984413  84.160889  113.173050  243.649796  171.034531  19
56956.115642  56957.971912  118.902412  58.117046  41.752407  87.228249  -12.069833  125.889275  321.934845  191.346375  15
56964.071221  56965.991139  244.941971  42.163914  221.466385  65.436752  -53.882839  99.282089  -185.710480  156.843353  18
56966.057331  56967.795962  690.906677  29.937986  461.394501  49.478802  76.808884  76.118965  49.019806  120.421715  24
56968.042992  56969.982463  810.378296  30.081350  734.501831  49.768574  44.264450  74.853676  -7.755824  116.231682  28
56970.028494  56972.013945  343.592377  30.356640  387.273376  51.122849  124.979218  77.210617  -115.745712  121.494362  21
56972.035685  56974.022213  157.967728  21.918392  127.405167  36.917416  -74.900116  55.713062  53.066452  86.282623  45
56974.065572  56976.008445  380.462128  21.987118  206.384262  37.086777  -47.330509  55.811813  23.578178  85.213341  46
56976.051041  56977.994487  461.202911  22.122143  323.454132  37.622524  0.992387  56.464233  125.910698  85.293587  48
56978.036547  56980.022098  394.490723  22.087648  272.028473  37.297459  123.120445  55.893375  -37.878799  83.943810  48
56980.046602  56982.007697  150.130249  31.197754  148.513931  52.075966  -99.236000  77.510620  -52.149014  116.295609  26
56982.032445  56984.018242  480.385437  23.932716  293.376312  40.000580  129.485748  59.929527  22.623470  89.824089  50
56984.059530  56986.004007  413.843658  23.384346  309.286316  38.356716  81.098030  57.028431  -238.886276  85.578377  45
56986.045212  56987.989744  287.522186  21.012659  161.226456  34.425037  81.405960  50.799725  2.680657  76.307678  57
56988.055934  56990.016632  129.881714  23.301846  130.345108  38.786129  1.212470  57.035435  -1.199158  85.836861  47
56990.041634  56992.002350  91.841423  22.509096  86.321434  37.598560  70.041283  55.664410  185.372269  84.994133  53
56992.068540  56993.988066  293.995300  28.147940  211.433945  45.233444  53.370270  65.839417  -66.071907  99.737556  45
56994.120448  56995.973791  231.194016  30.955673  39.795849  49.509190  16.220802  72.416573  -167.870316  111.483208  37
56996.039982  56998.025740  353.718811  24.416161  306.691895  39.948696  75.349861  59.174706  40.257565  91.271568  41
56998.091933  57000.011567  103.163696  22.703943  43.375706  37.557007  30.080801  55.549637  1.521109  85.300369  46
57000.077764  57001.997523  134.514542  24.772980  131.442490  41.458252  124.559769  60.888947  45.194031  91.326065  43
57002.063726  57002.990576  179.057236  35.323605  156.581680  59.277958  15.647965  87.189606  104.225327  129.494186  24
57004.049908  57005.903990  374.410034  27.537014  217.354187  46.269180  29.486965  68.532806  -52.968845  101.822922  42
57006.036441  57007.976409  163.413635  25.638195  173.176514  44.036030  -20.940536  66.080315  -33.493557  99.613083  39
57008.089763  57009.961707  156.578156  29.745916  117.775795  50.178139  34.895130  76.130165  169.992752  115.560730  19
57010.077669  57011.933957  371.681915  29.852957  309.522522  49.601879  34.544815  75.995560  369.680969  116.337440  18
57018.030499  57020.015979  510.720306  33.446178  380.093658  53.072144  92.455002  83.455711  38.821724  133.194275  17
57020.032638  57022.020364  512.380798  27.866106  356.866211  43.816471  29.075680  67.063499  -10.601120  101.374092  27
57022.067345  57024.007272  355.970428  24.457254  378.328186  38.625053  64.497559  58.668381  8.501531  90.016815  47
57024.052434  57025.993622  186.233658  25.192198  164.690628  39.988087  -2.562672  60.509605  -58.597897  92.871368  42
57026.103668  57028.022572  176.513260  24.725012  143.078674  39.618244  39.153362  59.735802  34.921600  92.246986  45
57028.045799  57030.007676  265.081512  21.688074  209.793060  35.012497  90.652596  52.442066  24.746607  80.983765  50
57030.031535  57032.017121  256.738495  21.796309  266.161530  35.181061  30.815653  52.318562  -86.478149  81.186424  50
57032.058993  57034.002616  275.566040  25.365433  65.740746  41.113834  46.848671  60.821857  -93.925766  94.982559  41
57034.044188  57035.988057  0.975731  22.737682  18.828308  36.814148  7.369477  54.187599  -38.210163  84.026894  48
57036.029431  57038.014717  283.541901  23.574356  319.412659  38.674282  166.384430  56.580708  -10.867732  87.996193  44
57038.039644  57040.025027  428.077637  19.974926  361.001404  32.882000  49.297318  48.051319  34.163754  74.149193  58
57040.066214  57042.010384  505.170837  20.799843  418.184967  34.250664  64.294426  49.993618  -8.906693  76.206810  55
57042.051556  57043.995707  93.834770  21.340954  83.431709  35.562824  -83.226196  52.429932  -128.988876  80.339561  53
57044.036910  57046.022269  131.037521  23.335567  108.645149  38.011963  136.032028  56.520561  -17.164244  86.724663  43
57046.154626  57048.007635  305.003876  37.513412  282.612335  59.103619  274.072815  86.328842  223.187912  131.475128  23
57048.032370  57050.017512  417.932892  32.218212  189.765228  51.647373  -40.937138  75.905647  56.532379  115.676590  35
57050.083682  57052.002577  371.623047  29.521749  366.188019  46.855999  164.951645  68.653069  -268.523163  104.298386  39
57052.044639  57053.987565  20.385033  37.328209  67.867188  55.800747  -10.277345  83.233414  -44.894661  128.549210  21
57054.053730  57055.906320  502.550323  25.958763  304.799225  40.722775  33.474552  61.111595  202.742569  92.568481  33
57056.038647  57058.023509  334.112244  37.406639  228.138016  57.356079  25.451845  87.409370  -60.579826  134.416931  19
57058.068042  57060.008344  219.195343  25.059645  124.319756  40.495865  55.477760  60.733662  -31.635864  92.779305  48
57060.120691  57061.993203  206.196167  30.270601  155.530899  50.155716  33.024784  75.594711  -54.210758  115.512077  31
57062.041568  57063.978192  201.995560  29.889559  216.474960  49.056015  73.487473  74.229675  -271.494476  114.248009  30
57072.045934  57073.898549  290.448608  30.402098  158.804428  51.728313  127.445534  80.686234  248.767609  128.657410  14
57074.048809  57074.976176  254.397324  31.178877  158.309631  52.892090  43.892582  81.743141  439.730164  129.672943  19
57076.035803  57078.022103  213.452423  22.745939  67.222572  38.313732  -33.553276  58.902958  -133.433197  92.245468  44
57078.066562  57079.985147  110.710602  24.580452  93.169319  41.208950  -64.327209  62.407581  -27.011457  97.322166  41
57086.030242  57088.015406  352.477417  23.327328  275.183624  37.737419  -30.845770  55.945778  35.516262  87.445435  42
57088.056863  57089.934361  42.289665  23.811199  21.198994  38.561802  -70.292969  57.841263  -101.338387  91.104507  37
57090.066702  57091.919463  267.239532  31.476217  147.404465  50.934944  -89.143555  76.542862  -131.666931  120.454544  20
57092.051803  57094.011904  407.561768  34.044701  272.389801  55.827969  -48.562935  82.351250  -55.094360  126.763977  20
57094.078072  57096.021933  216.296570  22.262892  209.912827  37.001503  42.666016  54.891846  28.174772  84.007774  44
57096.154268  57098.006942  131.874283  31.558125  96.448929  51.965782  46.032211  76.516609  -165.473602  114.378365  23
57098.048201  57099.967096  172.298492  37.176369  43.616169  60.719131  -2.986842  87.069641  7.119442  128.562317  23
57100.033265  57101.952166  559.727295  36.663429  366.645782  60.094193  85.053635  85.829597  -9.248961  123.754105  30
57102.084504  57104.003435  567.176392  37.087357  409.691223  61.219215  166.996521  87.374802  184.719574  126.639465  29
57104.069605  57105.988602  435.487213  38.369972  390.733429  63.114265  -12.822157  90.322586  20.806700  131.409378  27
57106.120949  57107.973893  82.701630  36.609936  162.496292  61.947727  26.906609  92.098152  -180.368698  138.188736  26
57108.063271  57110.025585  324.146149  29.648552  210.126709  49.715031  3.338037  75.198982  5.208279  114.276855  40
57110.047863  57112.011447  503.329865  29.866074  486.858948  50.381687  109.415260  75.332756  283.830994  113.725731  40
57112.032414  57114.016959  569.640259  29.057940  456.259186  48.509857  39.312752  72.062469  -3.671876  109.251099  43
57114.064082  57115.985078  123.282982  30.240690  107.564789  49.706604  20.605341  73.404144  37.730633  110.569504  42
57116.051337  57117.907046  253.379593  41.746635  297.251740  67.666359  -227.397293  99.580925  -97.087234  151.306610  21
57123.020408  57124.001780  375.451996  50.686604  279.368591  87.556435  76.995438  130.282120  14.368887  205.405762  13
57124.067950  57125.986581  189.721786  34.430538  174.495056  59.315567  39.910492  88.870201  124.272423  140.092880  24
57126.052736  57127.990176  372.870331  25.756472  254.839966  44.796898  101.629639  66.618843  -159.857254  105.321487  37
57128.056398  57129.976472  363.041901  28.382036  252.587219  49.134663  39.522663  73.328835  -161.704330  113.830177  24
57130.042672  57131.962193  235.258698  27.927486  123.658417  48.325916  -71.066986  72.093803  -46.641239  112.015717  25
57132.094560  57134.013709  81.200142  25.324932  50.898956  41.857044  -63.605183  61.150711  15.281444  92.666504  40
57134.056631  57135.998795  186.344055  24.906452  141.434875  40.641312  -11.622789  59.108028  -77.730186  87.817421  45
57136.041070  57138.025555  236.419052  24.971004  129.322723  40.647606  -16.930084  59.586601  -27.713150  88.890099  48
57138.049891  57140.010095  356.039520  23.577435  318.795990  38.588871  24.064360  57.173325  -24.949654  85.895004  49
57140.034732  57141.994690  266.237579  22.845570  257.538849  37.610374  11.807208  55.588505  57.815842  82.581085  52
57142.060844  57144.004283  123.271332  22.730829  106.925308  37.901928  7.746153  56.038589  -29.504173  82.914520  53
57144.070441  57145.922867  936.543579  27.546038  656.938660  46.447601  87.190353  67.581070  4.159634  99.690628  44
57146.030178  57148.014893  971.815796  31.682232  656.206177  52.110538  48.901588  75.304802  74.805885  111.180405  35
57148.106061  57150.024591  397.242706  25.507614  321.208557  43.018387  -6.195040  62.811279  -22.342789  92.347382  50
57150.065777  57152.009232  82.659462  25.091812  9.518448  42.745773  54.902557  62.912216  -88.699783  93.013046  50
57152.050509  57152.935378  93.866783  40.396072  50.462082  67.103973  -56.932667  98.782318  51.339249  146.221924  22
57154.035249  57156.020004  300.615997  30.344696  294.476105  49.070274  96.083313  70.911942  54.221657  104.427620  42
57156.044471  57158.004807  332.101532  25.250986  262.327545  41.884380  -43.316895  62.984943  -47.478237  96.788162  45
57158.028904  57160.013269  191.460953  23.964308  173.741928  38.348526  -31.627213  57.183365  -194.081238  88.600861  49
57160.055871  57161.997575  54.979927  22.928547  -8.783916  36.023865  -48.797707  53.629040  50.037006  81.662437  50
57162.040945  57164.026300  277.756378  23.801678  179.276459  37.176281  131.884842  55.658909  13.310111  84.283836  43
57164.047984  57166.012098  183.912506  22.384979  178.429825  35.556057  -26.912930  53.906055  53.404163  81.662552  46
57166.032243  57168.016547  190.387207  24.856340  157.425323  39.331108  19.596195  59.534447  -92.766212  89.815826  40
57168.082692  57169.934862  62.256771  28.524664  101.589241  44.486744  -48.507900  66.966400  23.185734  101.159752  33
57176.093042  57177.948829  297.226166  35.388359  147.336716  56.546505  -91.438393  86.939743  112.088623  136.508926  19
57178.081356  57179.984470  62.890274  29.671127  68.924080  49.413555  44.823376  75.495758  -105.895409  117.108467  19
57180.068692  57181.988891  269.919861  25.452435  72.771713  43.189800  -53.778236  65.357529  -105.853622  100.661629  34
57182.055091  57183.974632  215.686874  23.248024  229.580200  39.114117  -42.234478  59.316383  59.171768  91.242058  45
57184.173177  57185.959917  193.889740  29.388880  168.218185  49.114208  50.554607  73.981468  92.530594  114.250977  30
57186.092257  57188.011068  90.454025  25.602386  139.207245  42.982727  196.137924  64.846321  58.769772  100.110619  41
57188.077230  57189.971755  297.223328  19.077129  271.314453  33.083591  69.312950  50.803272  60.910866  79.056122  45
57190.062021  57191.956066  256.492523  18.744577  182.515411  32.642593  101.564354  50.128654  -54.838516  78.396004  40
57192.551369  57193.965162  180.506882  23.084229  143.238434  40.068558  70.926811  60.800789  174.909836  95.855385  29
57194.031315  57196.015896  101.682861  19.795425  -28.907049  34.700752  -93.154396  52.510857  -90.619965  83.188881  37
57196.082048  57197.975470  78.596642  26.405653  116.515785  44.191597  -28.431393  65.266357  -71.753006  100.882355  32
57198.066605  57200.026119  337.026398  26.177094  335.926147  42.935505  79.742119  62.645657  43.158226  95.956268  39
57200.051142  57202.010641  382.383850  21.809717  354.101410  35.396732  94.091339  51.970078  72.126938  78.885155  56
57202.035654  57203.995175  290.164825  23.759583  216.301224  39.540623  35.140625  58.864475  15.138284  90.359055  42
57204.061326  57205.979719  62.096817  28.310383  -27.122789  47.770294  32.508717  71.532738  86.057114  108.197578  26
57206.045871  57207.964280  245.962479  26.056034  109.464211  43.297325  30.722561  64.662140  -28.281219  97.400864  31
57208.030433  57210.015032  337.166351  30.860907  207.376572  50.783722  68.615196  75.744629  112.075386  113.190338  26
57210.081187  57212.023575  272.180267  28.237364  212.853912  46.563988  -120.092934  69.801857  13.487228  103.261986  29
57212.065863  57214.007730  156.567947  22.299047  137.945816  36.485252  -12.133621  55.061325  -95.403351  83.030403  48
57214.050673  57215.991833  245.722916  22.732649  136.483276  37.281567  38.606144  57.098873  -61.532097  86.010262  51
57216.035707  57218.021096  396.448944  22.764294  259.742340  37.210407  133.789124  57.033207  -164.942917  86.767281  44
57218.042038  57220.007039  453.145844  27.054853  398.983307  44.675800  82.771156  69.204742  -4.384217  105.629898  46
57220.073249  57221.944141  374.629395  25.748995  237.157898  41.499107  205.130219  63.525112  -3.692889  96.333305  25
57222.060042  57223.928563  7.112277  26.150009  -3.662889  41.786877  127.104912  65.188210  -31.546703  99.776497  22
57230.273303  57231.860829  156.983826  34.582142  38.349403  54.647736  -236.595825  86.927406  -146.232483  140.438919  15
57234.241812  57235.982340  355.240631  29.112486  159.920197  45.367867  -63.023746  68.576187  -87.452133  106.650101  34
57236.048526  57237.967690  277.013275  27.023218  176.531281  42.439556  80.988808  63.430351  44.822784  98.470871  46
57238.033861  57240.018836  336.836365  28.912672  159.740036  45.701427  52.436977  68.626389  -103.914978  105.875740  35
57240.084997  57242.003583  37.557144  29.308218  42.811817  47.387947  59.889626  70.779510  -140.253937  110.063667  35
57242.069738  57243.831606  268.659637  28.681295  150.438858  47.835960  2.667933  72.050751  16.145010  111.423508  30
57244.162303  57245.815831  279.437317  31.292936  211.944870  52.578857  -50.110943  78.365143  -184.671844  120.190948  21
57246.080396  57247.800115  251.879105  29.980988  193.619400  50.342342  89.738739  74.596291  80.047546  113.022469  22
57248.064688  57249.982887  135.700867  29.108318  248.273239  48.759144  -21.273064  72.153923  71.258522  109.396332  23
57250.049032  57251.992244  159.090775  21.211227  62.357990  34.825756  -6.247123  51.527596  75.191010  78.506378  45
57252.033416  57254.017827  336.731354  19.765247  264.392120  32.212208  -3.975005  47.854065  -83.776192  72.802841  52
57254.083975  57256.027208  227.980103  23.280279  232.657196  37.324928  13.932066  55.648487  18.165861  84.306328  42
57256.068401  57258.011558  149.056305  23.562576  144.864029  37.534214  -27.648228  55.958168  -47.282982  83.945419  44
57258.052836  57259.971130  17.878880  26.804745  49.657673  42.501450  -165.017151  63.262115  -140.270370  94.399178  39
57260.037279  57261.980076  354.576263  27.464575  314.037323  42.915230  115.322205  63.723755  227.362350  93.458580  39
57262.046215  57264.006265  313.784149  26.594406  308.825623  41.134552  -67.748962  61.356014  7.462599  90.284821  39
57264.030365  57266.014446  513.195190  23.109554  336.070251  35.717880  85.573631  54.282471  109.764084  80.254578  50
57266.057040  57267.975681  111.863457  21.486032  93.045357  34.112671  -61.037376  51.605453  40.809353  76.595421  50
57268.041844  57270.026938  189.471176  23.385031  167.144684  37.497906  84.243134  56.431728  48.615337  83.710449  49
57270.159292  57272.012488  362.931854  25.186472  293.842041  40.583378  32.784454  61.547913  -53.283001  91.526016  47
57272.078684  57273.932512  494.668823  28.276464  377.507660  45.600124  19.578268  69.111633  22.119198  101.793831  30
57274.064957  57275.802245  258.209473  28.078003  155.096542  45.551582  111.720245  68.951904  81.274490  102.733902  22
57282.146626  57283.881266  259.586609  43.907715  225.697891  69.154610  61.910664  107.860008  -186.083160  174.703262  11
57286.115206  57287.987053  240.817856  25.778097  94.694443  41.817371  -100.232719  63.471798  -350.570190  100.193298  30
57288.053244  57289.840175  313.423340  23.051567  210.379776  37.418346  -83.337082  56.861378  -49.202450  88.807739  48
57290.038696  57292.023701  255.716827  24.163166  200.302811  38.859718  141.579895  58.375481  46.851452  91.027931  46
57292.066985  57294.008420  361.703369  26.976261  382.995331  43.064800  163.903198  64.362518  -58.059616  99.908653  34
57294.074572  57295.992959  12.284815  28.101957  26.871058  44.372334  2.899197  66.069901  -222.451782  100.981148  35
57296.034954  57298.019024  310.813354  26.716112  289.874115  42.732426  29.356068  63.434708  -138.025192  97.243584  37
57298.043536  57300.003156  622.418335  23.396603  393.208466  37.436195  56.832684  55.560108  -98.489410  84.092125  46
57300.027903  57302.012239  295.382202  21.104555  217.407837  34.032303  165.573273  50.669350  85.063919  76.237915  51
57302.078384  57303.996557  135.954437  20.330719  136.826508  32.840435  -38.572128  48.812717  21.216314  72.760033  55
57304.037725  57306.021999  204.271423  19.784260  182.173325  31.992405  24.936907  47.777699  -31.753428  71.384644  58
57306.047002  57308.006297  544.417847  21.446722  438.574799  35.113361  42.537018  52.563705  -90.455849  78.075905  52
57308.031281  57310.015524  333.560211  23.079466  262.517517  37.520771  148.649445  56.252190  76.308258  83.874779  51
57310.056749  57311.999717  356.029541  26.116522  186.021484  43.382191  -10.498916  64.902878  -96.516975  96.553078  41
57312.041066  57314.025396  46.552269  25.080437  -37.580795  40.573349  -73.487808  59.940296  -143.342743  88.725266  46
57314.157686  57315.943615  396.105042  24.764702  214.186691  40.997585  16.360344  61.311844  56.393940  91.884171  48
57316.142054  57317.994196  410.421204  24.558212  396.079010  40.946957  127.513283  61.747681  89.727844  92.858437  44
57318.060346  57319.912610  261.705048  23.689356  190.562668  38.899223  -1.758548  58.664471  -129.327316  88.530388  47
57320.044921  57321.963554  12.005754  24.324684  69.321106  38.268772  -87.397491  57.288555  -145.487518  86.257668  47
57322.029720  57323.948701  175.574905  25.530184  237.229416  40.293583  48.136791  60.295391  42.358055  91.223679  42
57324.081063  57325.934401  178.870056  29.427509  149.760559  45.797367  126.910378  68.000954  -109.928009  100.941383  35
57326.133014  57327.788450  187.608368  42.720898  86.671669  65.803520  69.954773  96.951836  -234.667374  143.789108  15
57328.053387  57329.908451  229.492386  33.408630  279.201874  50.625519  -41.344337  75.432007  -169.976715  112.199211  22
57336.133154  57337.985020  260.101196  33.617962  158.738785  54.958519  98.989151  85.536392  -98.334183  131.953751  16
57338.117280  57339.988155  63.659950  23.692892  44.598339  39.920544  -6.342420  62.971123  -1.296579  100.969482  26
57340.035023  57341.952679  237.321411  21.925198  166.130539  36.453094  65.091812  55.839333  -25.632504  86.531174  49
57342.084928  57344.024935  223.179672  21.929592  109.991661  36.548470  35.056030  55.927589  -172.826981  85.997169  49
57344.068685  57346.009600  182.606628  23.126932  167.188583  38.710369  99.523643  58.754581  61.801983  89.802818  46
57346.052457  57347.994038  164.730545  22.950516  118.369781  38.732998  -0.649523  59.154037  -211.628418  89.964600  47
57349.028187  57349.978335  143.788788  36.332287  113.340538  61.952339  125.696922  94.448723  160.814163  143.279999  21
57350.044477  57352.004038  466.981781  22.976196  320.855072  39.103439  -47.062370  59.462753  -165.082153  90.321587  51
57352.028688  57354.012853  247.632660  21.460588  207.128204  35.878952  44.615959  54.064110  -81.030914  80.978355  53
57354.054143  57354.980014  119.709938  30.556492  204.887268  50.469135  -56.935905  75.666847  -72.858437  112.374786  24
57356.038166  57358.022229  136.229599  32.097832  -13.458973  53.266842  70.318359  78.826645  -101.365875  117.586082  27
57358.047250  57360.006318  297.199768  19.945311  202.487656  33.440079  42.719379  49.879448  -2.054240  74.683556  56
57360.031347  57362.015414  281.532318  22.019846  279.000488  36.327648  22.339764  53.695972  -112.360954  82.045891  55
57362.056560  57363.974538  359.978058  23.638617  229.868317  38.388435  44.532444  56.870449  -180.874847  87.255287  50
57364.040675  57365.958664  273.841858  23.289495  241.282944  38.177666  -9.528424  56.577229  29.926516  88.374321  47
57366.090941  57368.008956  87.860825  23.214163  99.731766  38.844318  -68.355156  58.057789  63.621536  89.695076  44
57368.075096  57369.993166  363.231903  23.520390  337.691071  39.895718  -23.364370  59.099621  64.574890  90.556587  41
57370.059309  57371.977480  232.269867  23.872608  205.215408  39.907032  4.020538  58.766537  29.346788  87.920509  47
57372.043628  57373.961971  477.393616  24.753138  412.931519  41.444729  -134.914993  61.490902  -126.626152  91.987877  47
57374.028126  57376.012915  215.702927  26.311445  221.408142  44.824493  9.619026  66.572189  42.687843  99.751244  43
57376.034519  57377.931971  215.204742  31.610128  262.079712  53.060215  11.445094  78.604225  127.998245  117.160355  31
57378.064340  57379.917870  418.691589  25.943861  303.154510  44.851791  49.308903  67.570541  16.428455  101.652298  29
57380.050293  57381.904711  177.723831  24.901997  163.313141  42.096676  -46.353893  64.480286  -9.657542  98.431328  22
57388.395052  57389.997658  247.976395  39.472191  221.513977  62.447327  173.464828  99.402496  219.637283  159.427322  14
57390.114670  57391.984390  221.278122  28.581938  151.828369  45.972355  61.881958  73.110611  -16.862822  116.378052  21
57392.098480  57394.016025  119.539894  26.515779  142.296082  41.705784  243.797256  63.457230  143.901352  97.648567  41
57394.036368  57396.021480  148.146255  24.841520  191.924835  39.495480  -42.826073  60.223324  94.625000  93.148849  47
57396.065771  57398.006155  364.561218  18.780350  257.411072  31.486256  15.714110  49.224655  22.769390  79.032440  50
57398.049399  57399.990551  282.610626  19.134230  222.900085  31.978773  36.349743  49.682671  -11.484397  79.612823  48
57400.033059  57401.974770  196.328461  20.561764  181.544525  34.789433  -5.670238  53.462654  35.447613  84.385071  46
57403.032974  57404.025020  252.969254  32.343330  305.758972  52.411400  -10.512134  77.812767  -100.425560  123.018616  26
57404.066651  57406.009073  233.233383  21.469824  204.302155  34.707314  35.101315  51.203831  71.539871  79.799622  53
57406.050472  57407.993095  321.212341  21.750071  212.511734  36.070362  108.911507  53.195114  -34.359730  82.947006  49
57408.034346  57410.018262  235.289124  19.879818  208.950226  33.366669  162.283524  49.091137  -13.126836  75.532425  54
57410.084393  57412.027210  55.966114  19.206776  37.362232  32.041206  -53.834938  47.267197  10.926183  72.506294  58
57412.068342  57414.011166  316.476440  19.564711  344.793335  32.511379  27.305752  48.126431  35.752239  74.490456  55
57414.052310  57415.995084  224.812378  20.576527  133.141769  33.639687  -3.360778  49.900303  118.138634  77.197273  50
57416.061215  57417.978949  315.584778  25.511105  217.792206  40.712467  13.091541  60.523689  115.526169  93.340439  37
57418.045078  57420.004273  91.082581  27.304405  87.689262  44.274456  -70.473030  65.268875  -144.800568  99.377892  42
57420.028878  57422.012606  63.407146  27.220722  -24.171783  43.982361  78.427071  65.836403  129.604080  101.612160  37
57422.054447  57423.996262  319.201752  28.674328  234.443085  45.291477  -77.608200  67.831581  34.628159  103.897491  33
57424.062383  57425.979851  314.391449  34.731277  193.144257  53.048321  -57.488869  81.022697  14.786717  124.825371  20
57426.045970  57427.963385  151.890533  37.536316  119.280716  58.862350  -32.886826  90.965462  114.453224  142.356812  18
57428.029501  57429.992176  -42.982555  27.512953  -9.573831  44.175041  27.753630  67.018127  -143.757111  102.359810  33
57431.004749  57431.930388  106.685043  34.304703  53.241249  57.732834  -58.567848  88.075829  44.475670  134.541611  15
57432.043807  57433.913969  87.687531  29.407539  148.139343  50.790421  -85.504578  76.836334  -155.557297  116.817375  16
57434.030123  57435.752457  411.705109  31.154314  303.986115  53.264080  130.704987  81.638695  215.349167  125.801849  16
57442.108549  57443.976807  81.611481  36.380917  34.046749  62.426105  -126.796227  96.512871  -71.519279  155.201324  12
57445.017953  57446.009703  161.939880  30.024145  -73.552979  51.154110  -16.702440  78.937698  -160.691788  125.619766  24
57446.029074  57448.014325  43.004723  22.841143  45.837189  38.871998  10.240070  59.586842  -114.198357  93.986153  46
57448.059277  57449.999039  122.444252  24.221046  113.464890  40.363003  -20.085993  61.535641  45.601177  97.547112  43
57450.042730  57451.983403  283.574677  22.451691  254.711258  37.510464  61.043175  56.538551  -6.195142  87.543762  45
57453.017968  57453.967547  267.435425  37.329903  308.373413  60.580734  -48.556877  90.768440  -65.093704  144.240860  19
57454.033683  57455.951554  199.357605  23.583565  192.946579  38.367489  170.667160  57.821342  -235.480026  91.401657  42
57457.009656  57457.976964  208.031921  30.716871  171.313675  49.926399  23.760933  74.275253  23.472757  116.270798  26
57458.043086  57458.993557  317.749451  35.134655  268.755981  56.837299  102.417183  84.760872  -176.623672  134.511139  20
57460.051625  57461.969358  389.022339  27.755583  348.288208  44.863297  -24.294575  66.749321  112.145363  104.679161  28
57462.035487  57464.019333  190.078339  20.729536  180.749069  34.492008  63.645473  51.204479  -31.383312  78.273346  52
57464.060474  57464.986255  77.009689  28.695145  72.701904  47.665138  29.333368  70.680023  62.604473  107.720917  26
57499.011125  57500.003758  238.107697  39.832081  156.132339  69.275612  71.476723  101.561676  -17.676470  157.578903  16
57500.069927  57500.996231  59.051765  30.078348  105.376984  52.079704  191.027939  77.074226  10.787771  119.388184  23
57503.024471  57504.016150  345.155487  35.146641  312.302002  56.834934  -4.660405  82.213646  18.092098  124.371506  24
57504.039109  57506.023224  671.583923  25.187269  570.032410  40.906380  91.155449  59.223728  82.387383  88.584274  46
57506.089358  57506.991249  553.600952  37.132122  433.042603  60.461403  152.914413  88.197548  91.043541  131.595825  22
57510.693769  57512.016150  210.995834  29.776215  169.758148  50.459171  -55.151093  74.197472  -104.426491  110.046883  36
57512.040935  57514.024694  348.830017  25.115635  224.586655  42.600986  9.012836  62.401016  152.182846  92.280403  52
57514.065887  57516.008435  207.341522  34.339901  104.702950  58.371227  57.990608  85.088654  -5.492344  126.480171  28
57516.049552  57517.967127  263.272644  27.166550  77.902863  45.656162  52.219700  66.507492  0.707582  97.827133  55
57518.033250  57520.016968  74.501961  31.365946  -17.885544  52.770714  -72.107971  77.228737  -203.212982  112.953300  60
57520.083092  57521.959516  533.986694  24.492739  396.336792  41.275391  40.527580  60.298073  -49.117359  88.967575  54
57523.017449  57524.009247  387.900970  50.528282  318.934814  81.536926  -32.837986  117.462601  54.680336  174.883926  17
57524.050568  57525.992797  570.046204  28.644192  346.423584  46.373711  41.874237  67.584290  18.766850  100.759521  47
57526.034333  57528.018144  174.633423  22.589693  108.973778  37.954689  -19.837837  57.350796  -128.145203  89.304878  54
57528.084272  57528.968000  33.249008  32.520149  18.037319  53.774418  -71.618591  81.101532  72.036499  126.482468  22
57531.017504  57531.986082  326.017731  32.087036  157.212143  50.949295  187.213806  76.398720  -258.891113  117.146935  21
57532.052220  57533.992504  226.452377  23.616785  164.607544  37.937069  -136.401321  57.004433  -150.304153  87.544678  43
57534.036515  57534.984157  282.607422  33.381851  167.844604  53.737797  -33.851543  80.459885  37.705975  122.869385  24
57538.072655  57540.008709  292.988739  38.806301  228.430267  61.989449  26.476830  93.915886  -35.929966  143.165955  15
57540.058813  57541.648476  211.784561  34.204819  127.659531  53.165997  13.598544  80.457489  23.975819  121.796860  18
57548.084114  57548.929616  280.211823  42.677620  156.113525  70.901321  128.999252  111.213203  -27.361012  178.646240  11
57551.063859  57551.990447  616.120056  35.131901  387.342957  59.106358  208.536423  90.356850  67.628906  142.032730  20
57552.056625  57553.909310  269.379608  24.062613  123.111084  39.817993  -25.631538  60.077366  -44.010300  92.816139  46
57554.041625  57556.026116  56.176849  22.632542  100.545952  37.150173  -61.908401  55.562698  -63.431171  85.356590  48
57556.092259  57558.010277  341.536438  32.513237  304.209015  53.602345  10.153259  79.780197  -51.573853  122.178078  22
57558.076412  57559.994231  447.103699  23.694532  337.255188  40.002655  -55.026455  59.298073  -48.504772  91.124382  47
57560.060361  57561.978059  297.779633  23.567207  289.564667  40.096722  153.352386  59.443436  115.110413  91.915276  50
57562.044185  57563.937161  117.694908  23.051487  82.982620  37.798130  98.245773  56.015072  -97.055016  87.379631  51
57573.020632  57573.987466  -6.661630  33.782757  -13.375585  57.655464  73.570572  85.876953  -98.841743  132.352722  18
57574.053588  57575.971146  557.678528  23.139874  388.715149  38.671288  44.705780  57.520988  -4.694575  88.147408  40
57576.037269  57577.954839  512.544739  26.537313  402.904938  44.355824  67.618004  66.095406  -152.141190  100.228455  29
57579.012820  57580.004688  474.430817  38.565350  410.588898  63.136032  30.665087  94.102272  40.164738  140.867584  15
57580.070813  57581.988477  112.508965  29.051586  126.519974  47.711872  57.452713  71.319099  -18.363562  105.826828  28
57582.054605  57582.980409  27.225075  40.218456  94.976860  65.390938  -161.175552  97.744743  73.878151  144.139297  14
57584.038512  57586.022615  259.583435  35.008728  234.092712  56.268593  21.875301  84.423630  -170.969269  126.399643  22
57586.045216  57587.962340  450.037506  23.475302  381.861145  38.653324  5.027237  59.097198  26.093197  89.599068  40
57589.020057  57589.879457  190.445648  41.335396  89.890297  66.306206  88.867264  98.415154  321.754089  147.028381  19
57602.304173  57603.975413  427.771332  19.861139  283.464417  32.955376  13.829571  51.239639  29.727205  82.308090  41
57604.041603  57604.968165  358.527985  26.006723  297.870300  42.840538  74.972733  66.140053  28.207125  106.776451  22
57609.069854  57609.774465  33.945213  46.353352  35.725712  73.809738  -33.086544  112.090324  -337.316345  171.616943  12
57610.171113  57611.823851  143.101547  36.237221  219.655212  59.231953  -109.269783  89.809944  153.090775  138.173706  20
57614.137741  57614.798872  191.050873  41.844986  114.537483  70.289398  -6.864513  105.642189  154.340317  162.734787  11
57623.022374  57624.014185  219.947128  26.302095  136.615814  42.726730  -39.998245  63.137455  -47.723087  96.880722  31
57624.055316  57625.997789  206.028595  19.912098  153.283524  32.155991  -43.254963  47.564724  27.803936  72.425133  59
57628.047473  57630.006224  396.767853  23.108067  303.962158  36.847176  59.064941  54.578373  20.301491  82.296906  53
57630.030987  57632.014440  364.769470  23.474230  282.320984  37.331413  -17.460289  55.831478  54.640644  84.428139  50
57632.056014  57633.997825  482.972015  23.269922  405.353516  36.680073  28.336660  54.857986  -38.199348  82.247269  49
57634.063936  57636.023526  118.066025  23.147026  115.655884  36.482639  -34.272461  54.920925  129.279358  82.571838  48
57636.089654  57638.007477  389.579285  22.812969  344.356140  35.370693  89.378311  52.958801  154.016922  78.660973  47
57638.073612  57639.991682  306.807068  23.077719  213.945358  36.870037  28.759151  55.424980  50.031773  82.846428  49
57640.057828  57641.976287  462.698944  26.714163  369.637939  42.913506  51.199200  64.868416  85.293602  96.972244  43
57642.042449  57643.961508  312.778351  27.581617  166.892319  45.303558  -95.378883  69.153839  -146.235229  103.227501  44
57644.027695  57646.013842  14.915690  29.027939  -26.573305  48.873489  126.049812  75.438515  -7.286980  114.229118  23
57654.090560  57655.677304  293.681488  31.614162  150.796371  54.566071  87.456108  84.655617  4.231022  136.421829  17
57656.073960  57658.010747  322.534973  31.614132  260.110107  52.392876  10.021108  80.213936  47.709122  128.734085  20
57658.076917  57659.995586  464.485870  23.091953  419.905029  37.839333  -39.245579  57.234146  43.090546  90.526108  45
57660.061736  57661.979924  211.827927  19.933182  70.916245  33.614872  80.290810  51.668690  -39.348553  81.825706  49
57662.046060  57663.963938  117.877296  19.928608  98.731476  33.804054  -56.944378  51.781162  -4.838325  81.845627  48
57664.030066  57666.013871  208.341446  20.167446  145.514069  33.581528  -58.775875  50.908401  -23.238377  80.370087  51
57666.055950  57667.997555  262.260803  19.254501  208.455032  31.985052  -12.119186  48.508232  117.808937  75.916138  51
57668.039232  57670.022578  139.526855  20.366798  80.781303  33.480888  -49.445324  50.585186  -35.904945  77.803070  51
57670.047288  57672.005985  90.297562  21.134552  95.208130  34.691376  29.844501  52.041138  -0.816945  79.407181  53
57672.030864  57674.014421  305.953522  19.855738  224.999680  32.789135  -27.579672  49.565060  -31.929056  75.301178  55
57674.055561  57675.972941  397.419495  19.985035  284.710541  32.962852  106.263268  49.942360  -37.330490  77.057083  45
57676.039059  57677.915360  369.437531  21.820627  243.444748  35.545322  4.077743  53.038761  -64.775185  80.080284  44
57678.047594  57680.006120  203.838226  22.258196  195.388412  36.384769  49.103092  54.121262  -73.626465  81.123741  48
57680.072238  57681.989669  56.448948  29.947680  134.663467  48.266289  -187.730057  70.617020  -25.918659  103.815887  30
57682.055787  57683.973234  342.064301  30.146130  257.589050  48.589439  36.779541  71.473862  -152.845047  105.813736  30
57684.039353  57686.022954  341.918274  29.116413  395.404816  47.024509  82.930519  69.427368  26.271620  103.123344  34
57686.089075  57687.940498  239.731125  34.485542  158.929840  55.390133  33.839256  81.898102  -72.552002  121.187714  38
57688.072745  57689.924279  224.422546  72.293633  116.447914  97.702377  158.623245  137.820831  209.883942  195.049881  22
57690.056538  57691.908258  472.671356  56.159950  430.686371  77.742111  -46.598999  112.132965  -260.716919  161.345016  26
57692.040534  57693.958703  471.123505  45.867661  300.605164  64.835236  -46.428566  93.735695  2.530622  138.123535  36
57694.157161  57696.009683  314.909821  46.255650  219.386612  65.009315  10.437963  93.335632  -117.223663  138.223831  34
57696.142029  57697.995262  286.080811  42.321400  243.070160  61.392155  116.970818  87.733879  226.615204  130.635117  36
57698.061464  57699.981835  112.883263  34.453068  119.732384  51.615734  -76.173546  75.201279  -135.412460  113.388527  41
57700.048071  57700.392676  223.076859  61.627224  244.748871  95.627731  143.767624  140.828949  -129.479706  218.073532  11
57706.072807  57707.990286  13.051995  32.416454  117.380066  53.910431  20.376930  82.929642  -314.509155  132.452499  22
57708.056396  57709.973535  139.575684  23.749950  55.208664  41.065975  -19.930098  63.605221  19.142962  100.260696  28
57710.039638  57712.022760  287.176788  22.241739  244.588974  37.917068  69.717827  58.425240  42.460300  91.375526  45
57712.043509  57713.961824  159.285660  22.176041  93.225571  37.952183  -7.331934  58.439175  -58.929302  91.026756  48
57714.027965  57716.012033  142.418274  21.384590  169.025772  36.856419  8.511046  56.745346  -77.303604  88.304169  49
57716.055056  57717.995853  122.858788  22.798920  82.329514  38.948261  112.998528  59.499340  11.605401  91.619865  47
57718.038195  57718.987701  409.112793  32.821800  420.362762  56.443455  -5.248790  86.304848  149.552673  133.050476  25
57721.013000  57722.004631  435.035217  35.405140  299.466278  60.340527  -2.488809  93.106262  122.999458  144.613525  20
57722.029213  57724.012737  196.476181  22.238626  140.467896  37.955765  29.569063  57.512218  115.223068  88.131943  49
57724.054050  57725.971301  22.920530  22.209843  15.535978  37.352646  -66.181679  56.009148  -18.062187  86.064491  53
57726.037414  57727.979715  308.628845  24.633982  201.609772  39.875183  99.615677  58.503040  -93.269218  89.837227  53
57730.029293  57732.012729  209.609085  22.168810  204.276123  36.592255  -11.490133  53.792740  181.700668  82.956650  60
57732.053839  57733.971194  155.671509  21.538012  96.507744  34.903545  -12.437126  51.482811  66.930420  79.658745  55
57734.037310  57736.020793  135.151443  22.073359  81.275681  36.100033  28.390118  53.206596  18.791723  82.738037  56
57736.086911  57737.805950  409.087769  24.602255  256.873657  41.432350  -22.239319  61.509300  -200.568909  96.588768  41
57739.062193  57739.987862  288.552216  40.953941  241.714722  72.843323  76.895119  105.898384  -235.863129  158.565063  15
57740.053983  57741.971516  116.591904  30.709024  85.228760  54.338181  -5.938234  79.426216  20.619690  118.382751  29
57742.037641  57744.021463  -21.271101  29.920195  -59.462997  52.808613  120.796730  77.500847  150.998566  114.993996  30
57744.087594  57746.005549  164.156311  27.928150  86.006454  48.254570  -47.146915  71.052994  25.261766  105.167206  36
57746.027464  57748.010499  204.917297  22.961691  79.563805  38.677933  29.418592  58.055866  -120.274513  87.936363  51
57748.056209  57749.975184  184.730164  24.523733  202.545181  42.178589  66.525124  64.268181  96.908157  97.784470  43
57750.107553  57751.976763  200.441757  26.169231  125.705132  45.111900  56.833145  69.570877  46.007103  106.633644  24
57752.027441  57753.299084  119.489777  99.165161  10.133807  138.458801  267.162872  189.371902  -49.996651  268.473694  24
57760.037195  57762.020481  -54.421402  28.765224  4.391280  45.597816  -195.263107  70.232742  -79.763901  112.937920  32
57762.038093  57764.023487  131.259323  25.330931  84.704391  40.517101  -16.917850  61.904373  -55.319614  96.869965  47
57764.069686  57766.008160  331.125061  25.029661  178.922195  40.449604  6.390385  61.736603  72.269913  96.820595  48
57766.052733  57767.992352  672.759827  24.772264  582.483215  40.154087  58.361668  60.753826  50.271587  95.389717  49
57768.035783  57770.018867  175.744583  22.169502  113.815033  36.331821  68.865479  54.931763  -62.726234  86.128914  50
57770.042363  57772.026049  84.193619  23.374279  86.553734  37.742153  -46.099583  56.458641  67.899818  88.883804  46
57772.068105  57774.009622  329.775970  24.009706  217.036987  38.724243  50.886158  57.486786  -41.214077  89.609413  43
57774.051299  57775.993132  265.490234  25.013706  203.534225  42.220642  -140.832184  62.626076  44.224781  97.860855  36
57776.034555  57778.017870  172.486496  22.138161  231.344223  37.318565  84.052155  54.851013  -122.960854  86.422020  51
57778.042724  57780.026183  -14.212484  21.692171  -1.331457  36.822018  10.738468  53.899902  -147.507751  84.801476  53
57780.092298  57781.984639  267.942993  25.299805  261.292938  45.111385  148.122726  66.900833  61.537239  106.176003  34
57782.050753  57783.968066  376.059601  27.375233  292.352234  48.778385  119.192184  72.280602  -6.195886  113.520935  30
57784.034181  57786.017623  249.634323  26.997581  229.139847  47.304077  140.313904  70.047363  -18.840319  108.827629  31
57786.042559  57788.025904  245.721283  20.697685  219.541031  34.284866  44.034344  51.023651  -12.953906  78.979225  53
57788.067188  57789.984538  174.203125  23.950369  166.997971  39.363583  119.532028  58.414471  -88.462372  90.556404  49
57790.050654  57791.992409  342.653992  24.749176  316.441040  40.221451  99.279404  59.658943  -230.756332  91.694519  48
57792.034155  57794.017727  398.498383  22.412668  333.734497  36.283276  -25.300314  54.096577  -112.139961  82.685684  51
57794.041664  57796.024750  368.953552  22.859467  351.503845  37.130878  14.492723  55.465664  36.220043  84.438599  51
57796.067552  57798.007784  46.392399  22.291061  43.966827  37.090290  -22.868015  56.058071  -68.315773  84.865799  50
57798.051473  57799.990784  401.034454  23.136717  266.037659  38.161911  98.326019  57.491207  -72.584930  87.227310  50
57800.035739  57802.020542  407.910522  23.779600  373.977142  39.323467  47.888733  59.125687  -45.399307  89.817413  45
57802.105987  57803.956851  273.824402  26.823301  200.360352  45.279564  50.193226  68.977554  -83.519363  105.380890  23
57804.072346  57805.940138  98.076263  29.110384  160.991623  47.540195  39.113918  71.263756  -10.041188  108.998520  21
57814.132653  57816.002399  48.892849  24.666357  23.715189  42.616852  72.663910  65.663597  -153.416168  105.452522  27
57816.049618  57817.987316  302.218597  21.915195  313.355988  37.638008  108.097382  57.403503  157.804916  91.237282  47
57818.032598  57820.015563  321.192444  22.563114  299.894470  38.426121  89.166321  58.249878  -43.838772  91.572350  49
57820.037784  57822.021722  578.213989  22.300001  431.365753  37.732185  39.382446  56.834999  30.416567  88.811836  49
57822.064652  57824.005422  127.101700  21.062111  108.670547  35.522694  100.298790  53.654404  -21.967381  83.735016  50
57824.047688  57825.988976  232.650070  20.880552  182.435028  34.867325  -47.926086  52.558594  14.081278  82.501381  52
57826.030783  57828.013944  330.084381  20.683987  298.374359  34.380985  81.358986  51.757523  14.684979  81.864372  53
57828.038561  57830.021986  438.302551  20.667376  342.834473  33.803642  10.244186  50.507256  -25.212189  78.792633  55
57830.063278  57832.005390  223.359863  21.255514  104.818459  35.280632  24.582727  52.452316  66.865013  81.806625  54
57832.046565  57833.988782  4.672718  19.853817  46.251614  33.154732  -18.794668  49.425659  158.139175  76.373909  57
57834.029898  57836.013265  389.369720  20.232767  295.457123  33.372189  85.671272  48.976490  9.511608  74.341202  60
57836.038272  57838.021624  233.173279  20.755198  261.954315  34.354862  26.040091  50.669468  20.430195  77.134377  61
57838.062764  57840.004938  424.516937  21.900742  307.763550  36.386890  -43.394356  53.579647  -81.272774  82.011070  55
57840.046164  57841.963463  97.023949  24.688057  30.992601  40.608715  -50.264080  59.839272  57.795223  90.767830  49
57842.029576  57844.013013  267.768494  29.663567  208.394516  48.372334  31.852907  70.985321  85.924690  108.959808  39
57844.037507  57846.020642  348.790100  26.294474  184.114685  43.209042  -51.924171  64.044861  -84.381546  97.207176  46
57846.062620  57847.980090  404.187958  23.966171  326.439758  39.093975  41.650742  58.117813  84.716705  89.632332  39
57848.046212  57849.986734  201.049850  21.088432  212.186172  34.551800  107.430534  51.798676  14.032430  80.331062  43
57850.029974  57851.969718  42.147518  20.005775  17.766237  32.483788  34.463879  48.858311  -21.669451  74.937042  49
57852.035817  57853.998485  483.663666  25.409515  349.931549  40.229855  201.989273  59.193794  113.240891  89.846001  45
57854.064644  57855.917430  323.758606  33.984032  206.803848  54.386002  -83.244713  79.578308  -35.416035  118.343735  25
57856.049802  57857.984975  207.970901  35.077782  105.907471  55.353546  50.122807  81.173653  -95.726524  121.437775  23
57858.035893  57859.095567  142.537292  49.923382  158.186157  77.801643  -25.511141  113.518715  -248.492004  169.054108  14
57866.192332  57867.913646  240.938507  38.395504  186.774658  70.067406  268.914551  106.703545  246.758163  173.241302  12
57868.046024  57870.011100  84.382835  24.537022  136.835083  41.724247  80.611778  61.433571  -9.506479  95.296257  43
57870.031206  57872.015700  466.563385  23.207111  369.873810  39.074718  -21.133621  57.065384  102.429115  87.360695  51
57872.060134  57873.999740  296.598694  25.201092  253.723236  42.067154  55.099651  61.340569  -8.969328  93.227119  45
57874.043070  57876.026037  257.790161  23.821217  251.850601  38.820511  -1.367438  56.152077  29.375990  84.024979  52
57876.049606  57878.009052  27.396584  23.910877  62.911598  39.823681  67.159660  58.851566  121.805191  89.332664  51
57878.033164  57880.016614  202.422226  25.445217  196.843536  43.696693  34.722294  64.751877  -0.100394  98.124901  49
57880.058229  57881.975261  328.439331  25.608187  186.305679  43.755928  10.025150  64.505249  -79.274323  96.706741  50
57882.041367  57884.024564  363.583923  23.542065  348.045959  40.526222  -23.658957  59.895248  38.738831  90.627937  55
57884.049471  57886.007813  237.415741  24.616903  272.707977  42.034023  -8.868155  61.378670  63.315559  91.837646  56
57886.032810  57888.016134  72.586876  23.556698  64.039864  40.352127  -32.579903  59.244911  -88.329086  88.358383  60
57888.057209  57889.999437  396.909943  24.195116  250.274902  41.145138  122.893860  60.277634  -116.116859  89.517586  59
